Iteration	bicycle_travel	bicycle_wait	car_travel	car_wait	freight_travel	freight_wait	pt_travel	pt_wait	ride_travel	ride_wait	stageActivity_travel	stageActivity_wait	walk_travel	walk_wait
0	139663	0	217522	0	2326	0	111642	26178	70722	0	0	0	265402	0
1	143432	0	213765	0	2317	0	110287	32282	71356	0	0	0	292228	0
2	145526	0	212530	0	2318	0	109470	35388	71810	0	0	0	306545	0
3	147106	0	212147	0	2330	0	108892	36837	72220	0	0	0	313077	0
4	147701	0	212010	0	2341	0	108563	37565	72556	0	0	0	318093	0
5	148378	0	212080	0	2348	0	108227	38010	72824	0	0	0	321202	0
6	148892	0	212126	0	2355	0	108075	38530	73059	0	0	0	324623	0
7	149316	0	212060	0	2358	0	107859	38931	73277	0	0	0	327272	0
8	150427	0	212211	0	2371	0	107437	38809	73473	0	0	0	329104	0
9	150712	0	212260	0	2375	0	107372	38722	73656	0	0	0	330752	0
10	151648	0	212024	0	2382	0	107186	38860	73802	0	0	0	333095	0
11	152515	0	211983	0	2381	0	107135	39391	73940	0	0	0	332418	0
12	152769	0	211924	0	2388	0	106912	39647	74080	0	0	0	334507	0
13	153300	0	212057	0	2390	0	106711	39282	74155	0	0	0	335348	0
14	153951	0	211849	0	2394	0	106627	39373	74216	0	0	0	336681	0
15	153916	0	211821	0	2395	0	106572	39772	74314	0	0	0	336544	0
16	154841	0	211828	0	2405	0	106515	40002	74357	0	0	0	336967	0
17	154454	0	212113	0	2408	0	106292	39791	74412	0	0	0	337971	0
18	155016	0	211985	0	2408	0	106155	39351	74478	0	0	0	337541	0
19	155274	0	211741	0	2408	0	106143	39939	74546	0	0	0	338324	0
20	155468	0	212019	0	2420	0	106021	40204	74560	0	0	0	337772	0
21	155603	0	212172	0	2429	0	106116	39503	74562	0	0	0	337355	0
22	155753	0	212439	0	2433	0	105714	39248	74616	0	0	0	338190	0
23	156624	0	212433	0	2427	0	105739	39163	74628	0	0	0	337316	0
24	156879	0	212424	0	2425	0	105629	39119	74654	0	0	0	337162	0
25	156703	0	212347	0	2433	0	105778	38894	74676	0	0	0	336641	0
26	157313	0	212865	0	2435	0	105582	38727	74689	0	0	0	334834	0
27	157240	0	213166	0	2437	0	105419	38186	74701	0	0	0	333448	0
28	157301	0	213586	0	2443	0	105160	38237	74725	0	0	0	332182	0
29	156941	0	213924	0	2441	0	105166	37897	74733	0	0	0	331820	0
30	156680	0	213955	0	2445	0	105227	37725	74745	0	0	0	331862	0
31	156584	0	214215	0	2445	0	105197	38057	74764	0	0	0	330568	0
32	156265	0	214428	0	2457	0	105188	37721	74741	0	0	0	329992	0
33	156494	0	214460	0	2452	0	105073	37916	74746	0	0	0	328594	0
34	157151	0	214331	0	2448	0	104995	37390	74745	0	0	0	328112	0
35	157621	0	214814	0	2461	0	104869	37094	74720	0	0	0	326124	0
36	157257	0	214746	0	2463	0	104935	37629	74735	0	0	0	326289	0
37	157037	0	215039	0	2461	0	104964	37308	74697	0	0	0	325378	0
38	156489	0	215328	0	2461	0	105040	37545	74702	0	0	0	324256	0
39	156641	0	215786	0	2465	0	104732	37348	74732	0	0	0	323168	0
40	156622	0	216002	0	2456	0	104838	36935	74746	0	0	0	320813	0
41	157556	0	215860	0	2458	0	104788	36345	74739	0	0	0	318471	0
42	157438	0	215971	0	2455	0	104884	36531	74748	0	0	0	317997	0
43	156764	0	216349	0	2451	0	104864	36434	74738	0	0	0	317105	0
44	157138	0	216605	0	2455	0	104750	36512	74721	0	0	0	315039	0
45	157453	0	215856	0	2451	0	104977	35891	74721	0	0	0	315650	0
46	158097	0	216260	0	2447	0	104637	36195	74703	0	0	0	313612	0
47	156697	0	216792	0	2470	0	104970	36351	74696	0	0	0	313947	0
48	157298	0	216496	0	2464	0	104794	36023	74726	0	0	0	313337	0
49	156358	0	216866	0	2474	0	105303	36148	74692	0	0	0	311727	0
50	156954	0	216401	0	2465	0	105033	35797	74683	0	0	0	311998	0
51	157280	0	216308	0	2462	0	104982	35399	74653	0	0	0	310948	0
52	156785	0	217117	0	2471	0	104855	35550	74655	0	0	0	309877	0
53	156079	0	217065	0	2462	0	104934	35591	74672	0	0	0	309541	0
54	156559	0	216811	0	2463	0	104958	35483	74624	0	0	0	309287	0
55	155708	0	217380	0	2465	0	104944	35257	74644	0	0	0	307539	0
56	156001	0	217501	0	2473	0	104954	34910	74637	0	0	0	306719	0
57	155808	0	217964	0	2471	0	104920	34909	74659	0	0	0	306956	0
58	155536	0	217906	0	2470	0	104880	34309	74634	0	0	0	305508	0
59	155212	0	218223	0	2473	0	104802	34824	74628	0	0	0	305117	0
60	155482	0	218079	0	2486	0	104978	34904	74618	0	0	0	305599	0
61	155492	0	218295	0	2477	0	104870	33926	74605	0	0	0	304190	0
62	155220	0	218075	0	2478	0	105061	34448	74580	0	0	0	304238	0
63	155472	0	217725	0	2474	0	105182	34384	74571	0	0	0	304617	0
64	154979	0	218153	0	2471	0	105237	34258	74562	0	0	0	302511	0
65	155250	0	218035	0	2470	0	105095	34116	74552	0	0	0	302186	0
66	155316	0	218212	0	2472	0	105034	34115	74519	0	0	0	301007	0
67	154767	0	218455	0	2478	0	105164	34261	74549	0	0	0	301388	0
68	154755	0	218264	0	2472	0	105195	34021	74525	0	0	0	300367	0
69	154795	0	218403	0	2476	0	105210	33842	74511	0	0	0	300759	0
70	154126	0	218696	0	2472	0	105281	34067	74504	0	0	0	300274	0
71	154559	0	218645	0	2474	0	105190	33918	74503	0	0	0	299502	0
72	154312	0	218779	0	2474	0	105102	33686	74484	0	0	0	299955	0
73	154312	0	219025	0	2477	0	104985	33687	74479	0	0	0	297484	0
74	153052	0	219068	0	2474	0	105068	33368	74458	0	0	0	299437	0
75	154043	0	219268	0	2474	0	104994	33653	74421	0	0	0	297232	0
76	154281	0	218902	0	2472	0	105089	33622	74417	0	0	0	297534	0
77	153896	0	218966	0	2470	0	105231	33624	74392	0	0	0	296549	0
78	153585	0	219158	0	2478	0	104957	32812	74411	0	0	0	297654	0
79	153492	0	218883	0	2461	0	105048	33304	74393	0	0	0	297303	0
80	153627	0	219113	0	2477	0	105118	33405	74385	0	0	0	297514	0
81	153348	0	218895	0	2467	0	105134	33368	74408	0	0	0	296903	0
82	153115	0	218918	0	2468	0	105402	33506	74340	0	0	0	297037	0
83	153195	0	219094	0	2465	0	105327	33505	74359	0	0	0	296119	0
84	152954	0	218944	0	2466	0	105471	33272	74357	0	0	0	296330	0
85	152537	0	218955	0	2481	0	105455	33300	74324	0	0	0	296303	0
86	152629	0	219355	0	2480	0	105364	32961	74313	0	0	0	295984	0
87	152696	0	219126	0	2472	0	105531	33122	74319	0	0	0	295563	0
88	152171	0	218814	0	2454	0	105760	33369	74279	0	0	0	294905	0
89	152389	0	218880	0	2458	0	105660	33475	74283	0	0	0	294923	0
90	152015	0	219372	0	2457	0	105545	33155	74275	0	0	0	294441	0
91	152039	0	219356	0	2449	0	105520	32813	74310	0	0	0	293600	0
92	152195	0	218847	0	2449	0	105814	32894	74278	0	0	0	293547	0
93	152042	0	219217	0	2450	0	105609	32566	74249	0	0	0	292869	0
94	151565	0	219289	0	2439	0	105632	33020	74263	0	0	0	293574	0
95	151480	0	219275	0	2449	0	105745	32872	74217	0	0	0	292353	0
96	151304	0	218944	0	2446	0	105700	33184	74198	0	0	0	294592	0
97	151239	0	219503	0	2452	0	105659	32787	74189	0	0	0	293297	0
98	151049	0	219247	0	2438	0	105710	32886	74203	0	0	0	293430	0
99	151412	0	218823	0	2441	0	105839	32841	74205	0	0	0	293717	0
100	150886	0	219200	0	2444	0	105888	32416	74175	0	0	0	293247	0
101	150974	0	219181	0	2455	0	105851	32798	74164	0	0	0	293696	0
102	151068	0	219082	0	2450	0	105814	32331	74166	0	0	0	293404	0
103	150881	0	219041	0	2435	0	105974	32803	74119	0	0	0	292540	0
104	150760	0	218749	0	2443	0	106152	32677	74105	0	0	0	292706	0
105	149879	0	219167	0	2447	0	106087	32755	74100	0	0	0	293362	0
106	150635	0	218910	0	2433	0	105869	32227	74137	0	0	0	293736	0
107	150508	0	218521	0	2431	0	106243	32293	74082	0	0	0	293237	0
108	150513	0	218875	0	2432	0	106178	32843	74097	0	0	0	293185	0
109	150367	0	219026	0	2440	0	106138	32558	74093	0	0	0	293185	0
110	149563	0	219382	0	2433	0	106214	32635	74075	0	0	0	292881	0
111	149711	0	218945	0	2424	0	106229	32367	74083	0	0	0	292804	0
112	150264	0	218626	0	2425	0	106212	32245	74060	0	0	0	293294	0
113	149660	0	219042	0	2428	0	106325	32555	74027	0	0	0	291927	0
114	149842	0	218531	0	2421	0	106314	32673	74033	0	0	0	293939	0
115	149459	0	218578	0	2422	0	106578	33050	74014	0	0	0	292465	0
116	149502	0	218445	0	2420	0	106545	32358	73998	0	0	0	292165	0
117	148936	0	218725	0	2422	0	106629	32554	74002	0	0	0	292241	0
118	148807	0	218672	0	2430	0	106580	32218	73993	0	0	0	292552	0
119	148900	0	218806	0	2423	0	106551	32431	73947	0	0	0	292172	0
120	149338	0	218253	0	2421	0	106749	32537	73963	0	0	0	292408	0
121	149143	0	218590	0	2425	0	106614	32455	73963	0	0	0	291435	0
122	148974	0	218527	0	2424	0	106599	31964	73982	0	0	0	292403	0
123	149376	0	218456	0	2419	0	106678	32172	73943	0	0	0	291559	0
124	148786	0	218866	0	2420	0	106606	32157	73930	0	0	0	291218	0
125	148651	0	218453	0	2419	0	106803	32130	73930	0	0	0	292009	0
126	148613	0	219014	0	2418	0	106518	32202	73900	0	0	0	291041	0
127	148649	0	218615	0	2434	0	106726	31677	73937	0	0	0	291754	0
128	148201	0	218685	0	2417	0	106717	32068	73902	0	0	0	291610	0
129	148321	0	218636	0	2422	0	106776	32554	73889	0	0	0	291715	0
130	148450	0	218664	0	2425	0	106760	32326	73865	0	0	0	292742	0
131	148581	0	218505	0	2414	0	106798	32449	73861	0	0	0	291438	0
132	147774	0	218730	0	2426	0	106973	32444	73898	0	0	0	291742	0
133	148244	0	218133	0	2421	0	107093	32391	73867	0	0	0	290038	0
134	148189	0	218475	0	2421	0	106863	32463	73860	0	0	0	291379	0
135	148013	0	218445	0	2415	0	106949	32534	73862	0	0	0	291148	0
136	147951	0	218336	0	2414	0	107018	32508	73846	0	0	0	290723	0
137	148130	0	218706	0	2424	0	106812	32133	73834	0	0	0	290912	0
138	148177	0	218399	0	2413	0	106951	32126	73838	0	0	0	290231	0
139	148059	0	218061	0	2421	0	107114	32207	73796	0	0	0	291572	0
140	147628	0	218153	0	2409	0	107119	32372	73762	0	0	0	291911	0
141	147464	0	218491	0	2422	0	107210	31947	73773	0	0	0	291656	0
142	147517	0	218060	0	2410	0	107310	32153	73768	0	0	0	291180	0
143	147151	0	217661	0	2412	0	107319	32163	73759	0	0	0	292680	0
144	147456	0	217975	0	2424	0	107345	32451	73724	0	0	0	291334	0
145	147257	0	217911	0	2413	0	107333	32487	73743	0	0	0	291809	0
146	146816	0	217982	0	2419	0	107575	32080	73728	0	0	0	291032	0
147	147740	0	217756	0	2419	0	107298	32636	73729	0	0	0	291601	0
148	147111	0	217975	0	2415	0	107536	31953	73733	0	0	0	290854	0
149	147289	0	217841	0	2427	0	107457	32026	73713	0	0	0	291559	0
150	147440	0	217738	0	2415	0	107387	32273	73699	0	0	0	291277	0
151	147090	0	217768	0	2420	0	107698	32277	73703	0	0	0	290924	0
152	147331	0	217716	0	2423	0	107745	32404	73708	0	0	0	290485	0
153	146941	0	217917	0	2410	0	107571	32005	73669	0	0	0	290549	0
154	146751	0	217929	0	2421	0	107605	32271	73669	0	0	0	291242	0
155	146628	0	217715	0	2420	0	107575	32254	73640	0	0	0	292737	0
156	146783	0	218039	0	2424	0	107574	32275	73654	0	0	0	290938	0
157	146781	0	217621	0	2407	0	107755	31951	73630	0	0	0	290706	0
158	146688	0	217990	0	2417	0	107584	31780	73610	0	0	0	291220	0
159	146373	0	217377	0	2399	0	107721	31777	73623	0	0	0	291742	0
160	146503	0	217536	0	2407	0	107744	32121	73601	0	0	0	292020	0
161	146410	0	217538	0	2397	0	107699	32144	73611	0	0	0	291713	0
162	146644	0	217491	0	2399	0	107850	32225	73623	0	0	0	290933	0
163	146597	0	217670	0	2409	0	107717	32295	73609	0	0	0	291280	0
164	146300	0	217475	0	2408	0	107905	31917	73613	0	0	0	291444	0
165	146567	0	217604	0	2398	0	107700	31952	73601	0	0	0	290472	0
166	146286	0	217748	0	2403	0	107744	31944	73572	0	0	0	290929	0
167	146211	0	217511	0	2396	0	107774	32028	73583	0	0	0	292046	0
168	146023	0	216997	0	2391	0	108149	31925	73565	0	0	0	291519	0
169	146019	0	217168	0	2397	0	107966	31982	73557	0	0	0	292161	0
170	146093	0	217221	0	2393	0	108012	31845	73524	0	0	0	291337	0
171	145892	0	218079	0	2417	0	107873	31983	73567	0	0	0	290906	0
172	145772	0	217376	0	2409	0	108228	32053	73564	0	0	0	290995	0
173	146143	0	217189	0	2397	0	108050	31549	73515	0	0	0	291494	0
174	145667	0	217641	0	2410	0	107932	31921	73498	0	0	0	290882	0
175	145531	0	217249	0	2390	0	108030	31655	73485	0	0	0	291132	0
176	145762	0	217127	0	2384	0	107956	32042	73481	0	0	0	290283	0
177	145468	0	217428	0	2395	0	108101	32070	73471	0	0	0	290938	0
178	145916	0	216918	0	2395	0	107968	32420	73495	0	0	0	292381	0
179	145558	0	216975	0	2390	0	108203	31862	73465	0	0	0	291688	0
180	145642	0	217277	0	2391	0	108198	32157	73447	0	0	0	290715	0
181	145572	0	217107	0	2387	0	108149	31916	73468	0	0	0	291568	0
182	145687	0	217195	0	2388	0	108139	32262	73424	0	0	0	290791	0
183	145515	0	217425	0	2392	0	108043	32056	73421	0	0	0	291246	0
184	145435	0	217283	0	2387	0	108109	32381	73443	0	0	0	291009	0
185	144901	0	217080	0	2384	0	108288	32084	73444	0	0	0	292057	0
186	145901	0	217190	0	2389	0	108174	32035	73410	0	0	0	291349	0
187	145175	0	217259	0	2392	0	108255	31952	73423	0	0	0	291137	0
188	145477	0	217188	0	2390	0	108207	31859	73415	0	0	0	291295	0
189	145515	0	217272	0	2388	0	108111	31942	73425	0	0	0	290744	0
190	145046	0	217013	0	2382	0	108268	31747	73408	0	0	0	291772	0
191	145765	0	216777	0	2378	0	108294	31633	73405	0	0	0	290822	0
192	145063	0	217404	0	2383	0	108295	32457	73396	0	0	0	290718	0
193	145259	0	216957	0	2375	0	108263	31940	73440	0	0	0	291028	0
194	145180	0	216705	0	2376	0	108355	32082	73404	0	0	0	292016	0
195	144992	0	217011	0	2380	0	108338	32234	73397	0	0	0	291756	0
196	144738	0	216955	0	2370	0	108338	32078	73385	0	0	0	291882	0
197	144832	0	216992	0	2377	0	108481	32443	73356	0	0	0	290578	0
198	144733	0	216712	0	2383	0	108432	32069	73370	0	0	0	292301	0
199	145044	0	216697	0	2385	0	108308	31978	73363	0	0	0	292804	0
200	145174	0	216947	0	2380	0	108397	31681	73367	0	0	0	291512	0
201	144520	0	216957	0	2384	0	108341	31860	73361	0	0	0	292042	0
202	144694	0	216765	0	2378	0	108583	32075	73348	0	0	0	291306	0
203	144634	0	216918	0	2378	0	108424	31924	73323	0	0	0	291154	0
204	145147	0	216343	0	2378	0	108639	31964	73310	0	0	0	291447	0
205	144663	0	217286	0	2392	0	108441	32289	73285	0	0	0	291655	0
206	144565	0	216789	0	2379	0	108561	32016	73314	0	0	0	291758	0
207	144486	0	216892	0	2382	0	108598	31831	73282	0	0	0	290978	0
208	144433	0	216962	0	2380	0	108692	32222	73312	0	0	0	291186	0
209	144532	0	216350	0	2373	0	108646	32594	73305	0	0	0	292317	0
210	144353	0	217251	0	2381	0	108580	32205	73279	0	0	0	290670	0
211	144531	0	216696	0	2370	0	108614	31650	73318	0	0	0	291537	0
212	144383	0	216869	0	2377	0	108600	31773	73267	0	0	0	291360	0
213	144456	0	216711	0	2369	0	108596	31886	73285	0	0	0	290468	0
214	144711	0	216579	0	2380	0	108628	32044	73257	0	0	0	292637	0
215	144203	0	216557	0	2363	0	108807	32276	73276	0	0	0	292401	0
216	144329	0	216457	0	2368	0	108792	31966	73284	0	0	0	291494	0
217	144412	0	216296	0	2372	0	108704	31796	73271	0	0	0	292243	0
218	143997	0	216827	0	2379	0	108679	31976	73255	0	0	0	291529	0
219	144061	0	216386	0	2375	0	108827	31986	73232	0	0	0	292782	0
220	144148	0	216739	0	2378	0	108749	31863	73211	0	0	0	291365	0
221	144228	0	216304	0	2373	0	108890	32068	73246	0	0	0	292843	0
222	144136	0	216793	0	2375	0	108718	32321	73218	0	0	0	290846	0
223	144287	0	216648	0	2371	0	108769	32315	73243	0	0	0	291161	0
224	143665	0	216672	0	2366	0	108820	31909	73207	0	0	0	291534	0
225	144241	0	216572	0	2372	0	108811	31873	73189	0	0	0	291302	0
226	143552	0	217056	0	2375	0	108769	31966	73184	0	0	0	290730	0
227	144296	0	216583	0	2368	0	108666	31699	73201	0	0	0	292334	0
228	144082	0	216568	0	2372	0	108597	31955	73200	0	0	0	292648	0
229	143973	0	216825	0	2388	0	108884	32256	73197	0	0	0	291775	0
230	143934	0	216685	0	2375	0	108844	32011	73199	0	0	0	290687	0
231	144140	0	216663	0	2389	0	108873	31813	73164	0	0	0	291598	0
232	144127	0	216364	0	2360	0	108804	31827	73188	0	0	0	291528	0
233	143744	0	216413	0	2365	0	108794	31956	73182	0	0	0	292459	0
234	143847	0	216476	0	2366	0	108912	32084	73167	0	0	0	291139	0
235	143735	0	216180	0	2369	0	109001	32207	73131	0	0	0	291902	0
236	143857	0	216609	0	2383	0	108856	31970	73117	0	0	0	292020	0
237	143743	0	216204	0	2363	0	108922	31903	73120	0	0	0	291806	0
238	143760	0	216249	0	2374	0	108848	31745	73111	0	0	0	292170	0
239	143734	0	216279	0	2366	0	108829	32011	73130	0	0	0	291549	0
240	143396	0	216315	0	2359	0	108947	31770	73114	0	0	0	292846	0
241	143228	0	216558	0	2367	0	108964	31930	73130	0	0	0	291119	0
242	143577	0	216541	0	2372	0	108912	32134	73117	0	0	0	291894	0
243	143689	0	216363	0	2361	0	108989	32377	73129	0	0	0	291350	0
244	143902	0	216202	0	2362	0	108832	32072	73096	0	0	0	292184	0
245	143654	0	216363	0	2357	0	108818	32121	73089	0	0	0	291804	0
246	143996	0	216419	0	2369	0	108874	31965	73108	0	0	0	292034	0
247	143461	0	216963	0	2393	0	108936	31986	73102	0	0	0	291630	0
248	143447	0	216547	0	2381	0	108949	32236	73108	0	0	0	292090	0
249	143645	0	216497	0	2366	0	108892	31764	73061	0	0	0	291933	0
250	143538	0	216384	0	2361	0	109009	31852	73100	0	0	0	290514	0
251	143233	0	216457	0	2367	0	108977	32173	73080	0	0	0	291491	0
252	143355	0	216380	0	2367	0	109090	32019	73094	0	0	0	291645	0
253	143000	0	216375	0	2367	0	108911	32002	73092	0	0	0	292328	0
254	142836	0	216412	0	2353	0	108980	32022	73048	0	0	0	291552	0
255	143191	0	216220	0	2359	0	109024	31944	73058	0	0	0	292092	0
256	143090	0	215856	0	2370	0	109311	31997	73050	0	0	0	291652	0
257	143062	0	216279	0	2355	0	109133	32361	73022	0	0	0	291900	0
258	143242	0	216241	0	2357	0	109149	32284	73055	0	0	0	292486	0
259	142910	0	215840	0	2353	0	109283	31770	73057	0	0	0	292151	0
260	143365	0	216018	0	2351	0	109021	31883	73041	0	0	0	292490	0
261	143156	0	215937	0	2354	0	109207	31984	73034	0	0	0	291559	0
262	142954	0	215857	0	2351	0	109226	32110	72995	0	0	0	293131	0
263	143160	0	215633	0	2351	0	109279	31790	73044	0	0	0	293021	0
264	143224	0	216170	0	2357	0	109134	31730	73030	0	0	0	291635	0
265	143525	0	215893	0	2351	0	109194	32061	73028	0	0	0	292319	0
266	143346	0	216022	0	2356	0	109113	32426	73035	0	0	0	291361	0
267	143164	0	215896	0	2355	0	109258	32230	72989	0	0	0	291768	0
268	143043	0	215569	0	2356	0	109311	32366	72993	0	0	0	293205	0
269	143063	0	215971	0	2348	0	109077	31818	73004	0	0	0	292717	0
270	143156	0	215950	0	2352	0	109103	32039	72999	0	0	0	292093	0
271	143179	0	215796	0	2354	0	109199	32021	73043	0	0	0	292035	0
272	143249	0	216198	0	2359	0	109187	32135	72988	0	0	0	291128	0
273	142980	0	215802	0	2343	0	109197	31817	72987	0	0	0	292260	0
274	143322	0	215888	0	2355	0	109039	31564	72956	0	0	0	292854	0
275	143261	0	216006	0	2349	0	109098	32035	72988	0	0	0	290844	0
276	143212	0	216044	0	2354	0	109145	31739	72970	0	0	0	290653	0
277	143732	0	215676	0	2355	0	108953	31671	72955	0	0	0	292053	0
278	143296	0	215789	0	2350	0	109134	32020	72953	0	0	0	291780	0
279	142914	0	216094	0	2351	0	109142	31890	72963	0	0	0	291130	0
280	143658	0	215446	0	2337	0	109229	31652	72950	0	0	0	291645	0
281	143148	0	215763	0	2354	0	109357	32137	72932	0	0	0	291813	0
282	143223	0	215781	0	2352	0	109159	31676	72968	0	0	0	292932	0
283	143100	0	215487	0	2349	0	109279	31891	72975	0	0	0	291945	0
284	143253	0	215513	0	2347	0	109138	31700	72960	0	0	0	292291	0
285	143021	0	215761	0	2360	0	109269	31694	72927	0	0	0	292559	0
286	143229	0	215726	0	2344	0	108910	31676	72930	0	0	0	292486	0
287	142841	0	215785	0	2358	0	109292	32231	72907	0	0	0	291646	0
288	143205	0	215553	0	2347	0	109115	31824	72931	0	0	0	292700	0
289	142747	0	215636	0	2358	0	109335	31946	72908	0	0	0	292186	0
290	142822	0	215693	0	2347	0	109301	31819	72913	0	0	0	292288	0
291	142724	0	215834	0	2358	0	109296	31882	72914	0	0	0	292148	0
292	143086	0	215840	0	2353	0	109094	31547	72924	0	0	0	291665	0
293	142904	0	215731	0	2348	0	109248	32025	72900	0	0	0	292148	0
294	143042	0	215746	0	2351	0	109274	31901	72883	0	0	0	292449	0
295	143112	0	215639	0	2350	0	109202	31791	72906	0	0	0	292255	0
296	142779	0	215871	0	2357	0	109411	32118	72894	0	0	0	292131	0
297	142393	0	215785	0	2345	0	109429	32058	72866	0	0	0	292560	0
298	143223	0	215772	0	2347	0	109326	32141	72907	0	0	0	291263	0
299	142723	0	215830	0	2351	0	109318	32318	72880	0	0	0	291888	0
300	142885	0	215964	0	2359	0	109141	31611	72876	0	0	0	292131	0
301	143074	0	216000	0	2354	0	109152	32043	72870	0	0	0	291457	0
302	142891	0	216152	0	2377	0	109269	31984	72863	0	0	0	292266	0
303	142650	0	215660	0	2358	0	109417	31945	72859	0	0	0	292048	0
304	142990	0	215456	0	2357	0	109431	32029	72842	0	0	0	291498	0
305	142632	0	215690	0	2348	0	109422	31792	72851	0	0	0	291776	0
306	142719	0	216097	0	2359	0	109208	32114	72844	0	0	0	292071	0
307	142206	0	216254	0	2355	0	109266	31821	72853	0	0	0	292206	0
308	142750	0	216052	0	2368	0	109394	31862	72841	0	0	0	291435	0
309	142380	0	215703	0	2347	0	109475	31947	72830	0	0	0	292015	0
310	142496	0	215667	0	2334	0	109226	31910	72832	0	0	0	292327	0
311	142518	0	215449	0	2339	0	109257	31979	72835	0	0	0	292562	0
312	142684	0	215668	0	2344	0	109404	32300	72814	0	0	0	292002	0
313	142625	0	215223	0	2326	0	109421	32127	72819	0	0	0	291914	0
314	142285	0	215864	0	2339	0	109345	32130	72810	0	0	0	291795	0
315	142844	0	215604	0	2335	0	109310	31650	72819	0	0	0	291539	0
316	142292	0	215486	0	2327	0	109378	31870	72816	0	0	0	292039	0
317	142551	0	215519	0	2332	0	109343	31971	72800	0	0	0	292735	0
318	142555	0	215458	0	2332	0	109347	31804	72790	0	0	0	292221	0
319	142806	0	215693	0	2330	0	109408	31746	72799	0	0	0	291827	0
320	142887	0	215245	0	2329	0	109368	31971	72813	0	0	0	292282	0
321	142628	0	215600	0	2339	0	109416	32314	72805	0	0	0	291668	0
322	142379	0	215916	0	2336	0	109279	31932	72828	0	0	0	291639	0
323	142266	0	215527	0	2335	0	109286	31928	72784	0	0	0	291920	0
324	142436	0	215513	0	2334	0	109491	31695	72786	0	0	0	291974	0
325	142574	0	215408	0	2344	0	109524	31957	72795	0	0	0	291721	0
326	142364	0	215461	0	2342	0	109490	32186	72766	0	0	0	291825	0
327	142420	0	215695	0	2339	0	109286	31714	72771	0	0	0	291772	0
328	142345	0	215719	0	2341	0	109365	32224	72836	0	0	0	291736	0
329	142536	0	215797	0	2352	0	109234	31861	72789	0	0	0	291693	0
330	142572	0	215569	0	2342	0	109253	31573	72789	0	0	0	291365	0
331	142122	0	215584	0	2340	0	109511	31739	72785	0	0	0	291700	0
332	142774	0	215370	0	2341	0	109295	32194	72765	0	0	0	292694	0
333	142470	0	215423	0	2351	0	109384	31951	72754	0	0	0	291949	0
334	142462	0	215647	0	2347	0	109360	31439	72746	0	0	0	291668	0
335	142278	0	215540	0	2359	0	109500	31863	72760	0	0	0	291962	0
336	142448	0	215953	0	2362	0	109375	32013	72763	0	0	0	291364	0
337	142061	0	215468	0	2356	0	109302	31651	72781	0	0	0	292659	0
338	142334	0	215650	0	2337	0	109332	31809	72757	0	0	0	292558	0
339	142514	0	215268	0	2342	0	109534	32174	72754	0	0	0	291879	0
340	142309	0	215309	0	2338	0	109581	32040	72755	0	0	0	292221	0
341	141914	0	215843	0	2353	0	109373	31876	72746	0	0	0	291655	0
342	142183	0	215680	0	2347	0	109319	31705	72734	0	0	0	292181	0
343	142531	0	215527	0	2341	0	109287	31983	72762	0	0	0	292461	0
344	142475	0	215282	0	2335	0	109378	31720	72739	0	0	0	291862	0
345	142076	0	215969	0	2362	0	109317	31696	72717	0	0	0	291727	0
346	142643	0	215552	0	2338	0	109278	31589	72719	0	0	0	291611	0
347	142192	0	215567	0	2331	0	109318	31310	72742	0	0	0	291371	0
348	142122	0	215863	0	2333	0	109440	31855	72713	0	0	0	291069	0
349	142429	0	215632	0	2348	0	109475	32108	72693	0	0	0	290877	0
350	142233	0	215773	0	2330	0	109325	31349	72697	0	0	0	290920	0
351	142390	0	215475	0	2345	0	109401	31534	72725	0	0	0	291887	0
352	142446	0	215629	0	2330	0	109156	31771	72688	0	0	0	292417	0
353	142315	0	215423	0	2329	0	109250	31664	72729	0	0	0	292391	0
354	142390	0	215366	0	2327	0	109318	31960	72712	0	0	0	290996	0
355	141705	0	215490	0	2328	0	109348	31865	72673	0	0	0	292707	0
356	142023	0	215564	0	2341	0	109432	31618	72688	0	0	0	291757	0
357	141916	0	215823	0	2336	0	109381	32021	72676	0	0	0	292026	0
358	141961	0	215585	0	2331	0	109261	31805	72718	0	0	0	292044	0
359	142085	0	215391	0	2330	0	109218	31968	72672	0	0	0	292881	0
360	142056	0	215170	0	2326	0	109481	31890	72666	0	0	0	291812	0
361	142231	0	215573	0	2329	0	109366	31543	72669	0	0	0	291874	0
362	141805	0	215545	0	2329	0	109279	31864	72655	0	0	0	292523	0
363	142236	0	215222	0	2323	0	109295	31611	72673	0	0	0	292683	0
364	142085	0	215622	0	2339	0	109523	31966	72674	0	0	0	292244	0
365	141952	0	215285	0	2327	0	109445	31642	72683	0	0	0	292624	0
366	142180	0	215585	0	2333	0	109414	31638	72661	0	0	0	291997	0
367	142123	0	215380	0	2331	0	109354	31396	72646	0	0	0	291043	0
368	142504	0	215347	0	2338	0	109396	31907	72654	0	0	0	291475	0
369	142274	0	215223	0	2324	0	109376	31637	72699	0	0	0	292809	0
370	142030	0	215442	0	2332	0	109442	31703	72680	0	0	0	291292	0
371	141961	0	215240	0	2324	0	109343	31704	72666	0	0	0	292705	0
372	142416	0	215694	0	2336	0	109216	31619	72657	0	0	0	291041	0
373	142177	0	215501	0	2319	0	109385	31905	72661	0	0	0	291449	0
374	141971	0	215450	0	2337	0	109366	31601	72662	0	0	0	291914	0
375	142384	0	215302	0	2329	0	109212	31810	72638	0	0	0	292059	0
376	142204	0	215470	0	2330	0	109273	31735	72643	0	0	0	291046	0
377	142052	0	215408	0	2323	0	109301	31790	72665	0	0	0	291894	0
378	141945	0	215598	0	2331	0	109348	32098	72642	0	0	0	291860	0
379	141943	0	215446	0	2332	0	109317	31894	72642	0	0	0	293279	0
380	142191	0	215516	0	2341	0	109312	31676	72637	0	0	0	291606	0
381	141755	0	215534	0	2331	0	109307	31779	72651	0	0	0	292649	0
382	141863	0	215541	0	2338	0	109392	31957	72656	0	0	0	292180	0
383	142444	0	215505	0	2339	0	109227	31707	72645	0	0	0	291276	0
384	141975	0	215520	0	2332	0	109372	31902	72617	0	0	0	292259	0
385	141722	0	215458	0	2336	0	109312	32013	72637	0	0	0	292486	0
386	142485	0	215506	0	2335	0	109072	31538	72642	0	0	0	291824	0
387	142056	0	215697	0	2341	0	109334	31655	72617	0	0	0	292159	0
388	142118	0	215194	0	2328	0	109376	32094	72616	0	0	0	292633	0
389	141862	0	215205	0	2336	0	109430	31646	72632	0	0	0	292851	0
390	141997	0	215389	0	2327	0	109489	31470	72609	0	0	0	290971	0
391	142316	0	215409	0	2334	0	109387	31472	72594	0	0	0	291675	0
392	141794	0	215143	0	2330	0	109529	31681	72621	0	0	0	292586	0
393	141636	0	215361	0	2322	0	109382	31533	72589	0	0	0	292288	0
394	141946	0	215369	0	2336	0	109388	31957	72582	0	0	0	291210	0
395	141586	0	215300	0	2325	0	109496	32192	72576	0	0	0	291881	0
396	141929	0	215506	0	2334	0	109375	31889	72594	0	0	0	291398	0
397	142337	0	215256	0	2330	0	109395	31667	72607	0	0	0	291891	0
398	141588	0	215565	0	2333	0	109295	31632	72591	0	0	0	292638	0
399	141958	0	215312	0	2339	0	109368	31889	72597	0	0	0	291484	0
400	141995	0	215565	0	2340	0	109389	32248	72591	0	0	0	292574	0
401	137995	0	218253	0	2316	0	110818	25436	72140	0	0	0	265363	0
402	137974	0	218215	0	2316	0	110825	25436	72130	0	0	0	265367	0
403	137972	0	218277	0	2318	0	110826	25439	72120	0	0	0	265371	0
404	137955	0	218195	0	2315	0	110824	25432	72113	0	0	0	265373	0
405	137946	0	218133	0	2314	0	110811	25434	72103	0	0	0	265366	0
406	137943	0	218172	0	2314	0	110810	25431	72096	0	0	0	265364	0
407	137930	0	218100	0	2313	0	110809	25430	72087	0	0	0	265367	0
408	137922	0	218092	0	2311	0	110811	25428	72075	0	0	0	265365	0
409	137909	0	218144	0	2311	0	110810	25432	72068	0	0	0	265374	0
410	137905	0	218176	0	2312	0	110804	25422	72062	0	0	0	265373	0
411	137904	0	218197	0	2311	0	110799	25419	72051	0	0	0	265374	0
412	137895	0	218215	0	2310	0	110791	25428	72039	0	0	0	265371	0
413	137889	0	218203	0	2311	0	110791	25418	72032	0	0	0	265363	0
414	137877	0	218179	0	2310	0	110799	25421	72024	0	0	0	265371	0
415	137870	0	218116	0	2305	0	110804	25421	72011	0	0	0	265371	0
416	137857	0	218357	0	2312	0	110812	25430	72002	0	0	0	265376	0
417	137854	0	218291	0	2311	0	110808	25419	71991	0	0	0	265380	0
418	137844	0	218416	0	2309	0	110800	25419	71982	0	0	0	265379	0
419	137841	0	218273	0	2307	0	110803	25415	71973	0	0	0	265371	0
420	137820	0	218466	0	2309	0	110805	25412	71966	0	0	0	265379	0
421	137798	0	218459	0	2310	0	110800	25412	71957	0	0	0	265379	0
422	137802	0	218443	0	2308	0	110794	25408	71946	0	0	0	265372	0
423	137796	0	218362	0	2308	0	110789	25404	71938	0	0	0	265375	0
424	137808	0	218402	0	2310	0	110775	25397	71931	0	0	0	265367	0
425	137797	0	218389	0	2308	0	110765	25393	71923	0	0	0	265362	0
426	137799	0	218269	0	2309	0	110775	25391	71919	0	0	0	265368	0
427	137812	0	218311	0	2308	0	110766	25389	71910	0	0	0	265356	0
428	137805	0	218262	0	2308	0	110766	25388	71900	0	0	0	265358	0
429	137804	0	218278	0	2306	0	110763	25389	71893	0	0	0	265363	0
430	137802	0	218317	0	2308	0	110766	25386	71886	0	0	0	265362	0
431	137787	0	218291	0	2308	0	110765	25390	71873	0	0	0	265361	0
432	137782	0	218330	0	2309	0	110755	25385	71867	0	0	0	265362	0
433	137792	0	218211	0	2306	0	110749	25383	71860	0	0	0	265349	0
434	137770	0	218231	0	2308	0	110750	25381	71854	0	0	0	265354	0
435	137753	0	218220	0	2306	0	110751	25382	71846	0	0	0	265356	0
436	137754	0	218241	0	2304	0	110741	25381	71838	0	0	0	265344	0
437	137747	0	218141	0	2305	0	110737	25384	71827	0	0	0	265347	0
438	137736	0	218169	0	2302	0	110737	25380	71821	0	0	0	265351	0
439	137715	0	218166	0	2305	0	110746	25385	71813	0	0	0	265359	0
440	137719	0	218291	0	2306	0	110746	25379	71804	0	0	0	265361	0
441	137711	0	218208	0	2308	0	110755	25383	71799	0	0	0	265361	0
442	137711	0	218245	0	2307	0	110744	25381	71789	0	0	0	265355	0
443	137713	0	218259	0	2308	0	110745	25383	71783	0	0	0	265352	0
444	137705	0	218258	0	2310	0	110741	25377	71775	0	0	0	265354	0
445	137712	0	218239	0	2308	0	110739	25378	71766	0	0	0	265348	0
446	137712	0	218324	0	2308	0	110736	25377	71755	0	0	0	265346	0
447	137710	0	218304	0	2306	0	110728	25369	71750	0	0	0	265336	0
448	137708	0	218310	0	2307	0	110723	25367	71743	0	0	0	265332	0
449	137694	0	218342	0	2304	0	110718	25363	71734	0	0	0	265335	0
450	137709	0	218289	0	2306	0	110713	25361	71728	0	0	0	265326	0
451	137706	0	218317	0	2305	0	110713	25362	71720	0	0	0	265317	0
452	137694	0	218324	0	2309	0	110715	25364	71714	0	0	0	265315	0
453	137694	0	218328	0	2305	0	110706	25359	71709	0	0	0	265314	0
454	137701	0	218297	0	2310	0	110710	25356	71700	0	0	0	265316	0
455	137699	0	218224	0	2304	0	110714	25357	71692	0	0	0	265318	0
456	137695	0	218201	0	2303	0	110711	25357	71686	0	0	0	265322	0
457	137680	0	218244	0	2304	0	110711	25362	71679	0	0	0	265328	0
458	137689	0	218328	0	2304	0	110709	25357	71669	0	0	0	265324	0
459	137691	0	218261	0	2303	0	110705	25354	71658	0	0	0	265320	0
460	137685	0	218229	0	2307	0	110699	25354	71648	0	0	0	265318	0
461	137696	0	218222	0	2308	0	110700	25354	71641	0	0	0	265311	0
462	137670	0	218330	0	2307	0	110696	25352	71636	0	0	0	265319	0
463	137653	0	218230	0	2308	0	110691	25345	71628	0	0	0	265327	0
464	137624	0	218235	0	2305	0	110694	25349	71619	0	0	0	265337	0
465	137617	0	218268	0	2307	0	110699	25364	71612	0	0	0	265340	0
466	137614	0	218321	0	2307	0	110691	25352	71606	0	0	0	265334	0
467	137606	0	218392	0	2307	0	110700	25352	71600	0	0	0	265334	0
468	137608	0	218251	0	2307	0	110698	25352	71593	0	0	0	265334	0
469	137623	0	218280	0	2309	0	110704	25353	71584	0	0	0	265334	0
470	137618	0	218321	0	2309	0	110712	25352	71578	0	0	0	265335	0
471	137616	0	218200	0	2307	0	110715	25363	71569	0	0	0	265338	0
472	137620	0	218216	0	2306	0	110712	25352	71562	0	0	0	265337	0
473	137621	0	218180	0	2306	0	110708	25348	71552	0	0	0	265337	0
474	137625	0	218220	0	2307	0	110712	25346	71544	0	0	0	265337	0
475	137627	0	218209	0	2308	0	110708	25345	71536	0	0	0	265336	0
476	137627	0	218201	0	2308	0	110715	25352	71527	0	0	0	265339	0
477	137632	0	218194	0	2311	0	110713	25348	71519	0	0	0	265334	0
478	137637	0	218233	0	2312	0	110713	25349	71512	0	0	0	265335	0
479	137628	0	218264	0	2311	0	110702	25344	71505	0	0	0	265330	0
480	137634	0	218225	0	2312	0	110704	25344	71500	0	0	0	265324	0
481	137632	0	218262	0	2311	0	110710	25345	71493	0	0	0	265328	0
482	137636	0	218203	0	2310	0	110712	25348	71487	0	0	0	265325	0
483	137621	0	218164	0	2308	0	110718	25349	71482	0	0	0	265331	0
484	137619	0	218155	0	2309	0	110720	25349	71476	0	0	0	265333	0
485	137617	0	218205	0	2308	0	110711	25345	71469	0	0	0	265331	0
486	137610	0	218240	0	2311	0	110714	25343	71464	0	0	0	265338	0
487	137616	0	218228	0	2313	0	110710	25344	71454	0	0	0	265330	0
488	137615	0	218179	0	2310	0	110708	25342	71448	0	0	0	265325	0
489	137619	0	218229	0	2311	0	110708	25341	71444	0	0	0	265323	0
490	137605	0	218186	0	2307	0	110712	25342	71437	0	0	0	265331	0
491	137589	0	218131	0	2304	0	110710	25341	71432	0	0	0	265338	0
492	137597	0	218125	0	2303	0	110711	25344	71427	0	0	0	265341	0
493	137586	0	218143	0	2307	0	110714	25344	71421	0	0	0	265352	0
494	137583	0	218157	0	2304	0	110722	25342	71416	0	0	0	265353	0
495	137580	0	218198	0	2303	0	110719	25342	71407	0	0	0	265355	0
496	137579	0	218086	0	2303	0	110712	25342	71400	0	0	0	265357	0
497	137577	0	218089	0	2304	0	110700	25337	71396	0	0	0	265349	0
498	137578	0	218096	0	2302	0	110704	25338	71386	0	0	0	265356	0
499	137573	0	218156	0	2302	0	110697	25338	71381	0	0	0	265356	0
500	137569	0	218127	0	2302	0	110697	25338	71373	0	0	0	265360	0
