Iteration	bicycle	car	freight	pt	ride	walk
0	0.17157298171043311	0.3492722774557346	0.001511153806506515	0.1688133165768528	0.0933137475517773	0.21551652289869566
1	0.17256981684114023	0.34613098567145456	0.001511153806506515	0.16723197855872335	0.0933137475517773	0.21924231757039805
2	0.17325959604599697	0.34499707200242136	0.001511153806506515	0.16613809182288136	0.0933137475517773	0.22078033877041647
3	0.1740464268559886	0.3445874813299031	0.001511153806506515	0.1654461193614114	0.0933137475517773	0.22109507109441312
4	0.17434690301199932	0.3444498544774237	0.001511153806506515	0.16501788600768078	0.0933137475517773	0.22136045514461236
5	0.17475430042790435	0.3444482095349638	0.001511153806506515	0.16470260536953085	0.0933137475517773	0.2212699833093172
6	0.17513757202106403	0.3444833016407753	0.001511153806506515	0.16434400791326986	0.0933137475517773	0.221210217066607
7	0.17520172477700063	0.3445414229410255	0.001511153806506515	0.16412084405287503	0.0933137475517773	0.22131110687081498
8	0.1757275580500194	0.3445507442816317	0.001511153806506515	0.16360926694784217	0.0933137475517773	0.2212875293622229
9	0.17595291516702746	0.34454306788348543	0.001511153806506515	0.16355717710327827	0.0933137475517773	0.22112193848792502
10	0.17629725645530253	0.3445644521354643	0.001511153806506515	0.16315526282890624	0.0933137475517773	0.22115812722204312
11	0.17683350769723408	0.3444992027512211	0.001511153806506515	0.16305217976808506	0.0933137475517773	0.22079020842517597
12	0.17700622665552493	0.34450852409182725	0.001511153806506515	0.16279831031510517	0.0933137475517773	0.22086203757925882
13	0.1772096512064008	0.3448643799773217	0.001511153806506515	0.16240900726625915	0.0933137475517773	0.22069206019173448
14	0.17750190265011195	0.34444053313681755	0.001511153806506515	0.16230647251959127	0.0933137475517773	0.22092619033519542
15	0.17766968678102307	0.3446066723252687	0.001511153806506515	0.1622308051664353	0.0933137475517773	0.2206679343689891
16	0.17816755603222334	0.3442568478954606	0.001511153806506515	0.162116755822548	0.0933137475517773	0.22063393889148425
17	0.17816865266052995	0.3446801464218115	0.001511153806506515	0.16193855372272412	0.0933137475517773	0.22038774583665063
18	0.17855576245276272	0.3447168834700829	0.001511153806506515	0.16174774039737425	0.0933137475517773	0.22015471232149633
19	0.17883759592756113	0.34449591286630127	0.001511153806506515	0.16159695400521557	0.0933137475517773	0.22024463584263823
20	0.17894177561668892	0.34480132384969175	0.001511153806506515	0.16152731810774593	0.0933137475517773	0.2199046810675896
21	0.1790541800181163	0.34482928787151024	0.001511153806506515	0.16155692707202435	0.0933137475517773	0.21973470368006526
22	0.1793606876298134	0.3449866540335086	0.001511153806506515	0.1610212241442461	0.0933137475517773	0.21980653283414814
23	0.17948679988507335	0.34509905843493593	0.001511153806506515	0.16085563326994823	0.0933137475517773	0.21973360705175865
24	0.17978234121370434	0.3450277775950064	0.001511153806506515	0.16085563326994823	0.0933137475517773	0.21950934656305723
25	0.1795860447468214	0.3449773326929024	0.001511153806506515	0.16095323318923638	0.0933137475517773	0.21965848801275598
26	0.18011571621891334	0.34519227184099766	0.001511153806506515	0.16055131891486435	0.0933137475517773	0.21931579166694082
27	0.1800093432731723	0.34560570071258906	0.001511153806506515	0.1603747617575004	0.0933137475517773	0.21918529289845443
28	0.18025992284123235	0.34576745338781384	0.001511153806506515	0.16006441594673018	0.0933137475517773	0.21908330646593982
29	0.1802654059827654	0.3460459969776924	0.001511153806506515	0.15986702285154064	0.0933137475517773	0.21899667282971774
30	0.18017054763424376	0.34592975437719187	0.001511153806506515	0.15990869472719177	0.0933137475517773	0.21916610190308877
31	0.18019905997021557	0.3461512732951268	0.001511153806506515	0.15996626771328873	0.0933137475517773	0.21885849766308507
32	0.18014368024073185	0.346191300228318	0.001511153806506515	0.16002274407107905	0.0933137475517773	0.21881737410158725
33	0.18041509574661746	0.3463514079610829	0.001511153806506515	0.15974803868027362	0.0933137475517773	0.21866055625374226
34	0.180655805659918	0.34616827103387926	0.001511153806506515	0.15976064990579963	0.0933137475517773	0.2185903720421193
35	0.18127101413992538	0.34600268015958136	0.001511153806506515	0.15963453765053964	0.0933137475517773	0.21826686669166978
36	0.18107142778812263	0.3461123429902422	0.001511153806506515	0.15958080286351584	0.0933137475517773	0.21841052499983551
37	0.18077753140195155	0.34659760101591647	0.001511153806506515	0.1593949243655457	0.0933137475517773	0.21840504185830245
38	0.1806651270005242	0.3466425627764874	0.001511153806506515	0.15963618259299955	0.0933137475517773	0.21823122627170502
39	0.18089541894491198	0.34681363679231836	0.001511153806506515	0.1593932794230858	0.0933137475517773	0.2180727634814001
40	0.1810292075983182	0.3470033534893616	0.001511153806506515	0.15926003908383285	0.0933137475517773	0.21788249847020352
41	0.18143879827083648	0.34691726816729285	0.001511153806506515	0.15911692908982045	0.0933137475517773	0.21770210311376642
42	0.18147443869080127	0.34672042338625664	0.001511153806506515	0.15920520766850244	0.0933137475517773	0.21777502889615588
43	0.18127759390976503	0.34725722294234146	0.001511153806506515	0.15917011556269095	0.0933137475517773	0.21747016622691873
44	0.18159232623376168	0.3474469396393847	0.001511153806506515	0.1589968482902468	0.0933137475517773	0.21713898447832294
45	0.1816976025511961	0.3467867693988064	0.001511153806506515	0.15908074035570235	0.0933137475517773	0.2176099863360113
46	0.18238354355697972	0.3471201444040154	0.001511153806506515	0.15870130696161583	0.0933137475517773	0.21697010371910525
47	0.18176998001943226	0.3470932770105035	0.001511153806506515	0.15901878085637897	0.0933137475517773	0.21729306075540145
48	0.1819580517740156	0.3470801174708242	0.001511153806506515	0.15884606189808814	0.0933137475517773	0.21729086749878823
49	0.18143550838591666	0.3471415286559943	0.001511153806506515	0.15937902325509987	0.0933137475517773	0.21721903834470538
50	0.18183303614706225	0.3472862835924666	0.001511153806506515	0.15902316736960542	0.0933137475517773	0.21703261153258194
51	0.1822667526423259	0.34700993325920126	0.001511153806506515	0.15887402591990665	0.0933137475517773	0.21702438682028236
52	0.18197504951276805	0.3473405666936437	0.001511153806506515	0.15873201255420086	0.0933137475517773	0.21712746988110357
53	0.18181603840830982	0.34752754181992046	0.001511153806506515	0.15898478537887412	0.0933137475517773	0.21684673303461177
54	0.18188841587654597	0.347191425243945	0.001511153806506515	0.15908074035570235	0.0933137475517773	0.2170145171655229
55	0.18140864099240475	0.3477748315030607	0.001511153806506515	0.15909225495292176	0.0933137475517773	0.216899371193329
56	0.18170089243611592	0.3477890876710466	0.001511153806506515	0.15901878085637897	0.0933137475517773	0.2166663376781747
57	0.18157532849500924	0.34781760000701845	0.001511153806506515	0.15897491572411462	0.0933137475517773	0.21680725441557389
58	0.1813993196517986	0.34819045363126533	0.001511153806506515	0.15888389557466615	0.0933137475517773	0.21670142978398615
59	0.18142180053208407	0.3485973027330171	0.001511153806506515	0.15854777899869063	0.0933137475517773	0.21660821637792443
60	0.1813357152100153	0.34809066045536396	0.001511153806506515	0.1588817023180529	0.0933137475517773	0.21686702065828403
61	0.18129130176359765	0.3483988130095209	0.001511153806506515	0.15870404853238235	0.0933137475517773	0.21678093533621529
62	0.18127814222391833	0.3480857256279842	0.001511153806506515	0.15891131128233135	0.0933137475517773	0.2168999195074823
63	0.181454151067129	0.3477019057206712	0.001511153806506515	0.15898478537887412	0.0933137475517773	0.21703425647504185
64	0.1812474366313333	0.3480358290400335	0.001511153806506515	0.1592424930309271	0.0933137475517773	0.21664933993942226
65	0.18133187701094217	0.34791026509892686	0.001511153806506515	0.15910815606336756	0.0933137475517773	0.2168248004684796
66	0.18135655114784086	0.3482557030155085	0.001511153806506515	0.15900233143177986	0.0933137475517773	0.21656051304658697
67	0.18113448391575263	0.3480610514910855	0.001511153806506515	0.15923810651770068	0.0933137475517773	0.21674145671717737
68	0.18133297363924877	0.34820580642755783	0.001511153806506515	0.15917230881930416	0.0933137475517773	0.21646400975560542
69	0.18130391298912363	0.34821019294078426	0.001511153806506515	0.15901932917053227	0.0933137475517773	0.21664166354127598
70	0.18106210644751647	0.3485090241543351	0.001511153806506515	0.15910157629352792	0.0933137475517773	0.2165023917463367
71	0.1814152207622444	0.348379073700002	0.001511153806506515	0.158917891052171	0.0933137475517773	0.21646291312729882
72	0.18138122528473954	0.34836372090370943	0.001511153806506515	0.1588416753848617	0.0933137475517773	0.21658847706840548
73	0.18139383651026553	0.3485786600518047	0.001511153806506515	0.15880767990735684	0.0933137475517773	0.2163949221722891
74	0.18088993580337892	0.34870970713444444	0.001511153806506515	0.15875449343448633	0.0933137475517773	0.21682096226940648
75	0.18151940045137221	0.3485923679056373	0.001511153806506515	0.15869363056346955	0.0933137475517773	0.2163696997212371
76	0.18133352195340208	0.34845583768146454	0.001511153806506515	0.15882522596026258	0.0933137475517773	0.21656051304658697
77	0.18125511302947955	0.34860333418870343	0.001511153806506515	0.15901494265730584	0.0933137475517773	0.21630170876622737
78	0.18132858712602234	0.34855288928659944	0.001511153806506515	0.1586744395681039	0.0933137475517773	0.2166191826609905
79	0.18118547713200991	0.34846406239376415	0.001511153806506515	0.15883509561502204	0.0933137475517773	0.21669046350092008
80	0.18118876701692974	0.3481838738614257	0.001511153806506515	0.1588822506322062	0.0933137475517773	0.21692020713115456
81	0.18099905031988647	0.348490929787276	0.001511153806506515	0.15898807526379394	0.0933137475517773	0.21669704327075973
82	0.18068705956665637	0.3483812669566152	0.001511153806506515	0.159213432380802	0.0933137475517773	0.21689333973764263
83	0.18090145040059832	0.34829847151946625	0.001511153806506515	0.159162987478698	0.0933137475517773	0.21681218924295362
84	0.18070021910633566	0.34824528504659574	0.001511153806506515	0.1592660705395192	0.0933137475517773	0.21696352394926557
85	0.18069363933649601	0.3482003232860248	0.001511153806506515	0.15931925701238972	0.0933137475517773	0.21696187900680566
86	0.18063387309378584	0.3485205387515545	0.001511153806506515	0.15915585939470503	0.0933137475517773	0.21686482740167082
87	0.18070076742048896	0.34863623303790164	0.001511153806506515	0.15925126605738	0.0933137475517773	0.21658683212594557
88	0.1804227721447637	0.3484481612833183	0.001511153806506515	0.1594985557405202	0.0933137475517773	0.21680560947311397
89	0.18045018785242892	0.34846515902207076	0.001511153806506515	0.15939931087877213	0.0933137475517773	0.2168604408884444
90	0.18054559451510385	0.3485901746490241	0.001511153806506515	0.15927484356597207	0.0933137475517773	0.21676448591161615
91	0.1805017293828395	0.34864665100681447	0.001511153806506515	0.15919369307128303	0.0933137475517773	0.21683302518077918
92	0.1803706823001998	0.3482732490684143	0.001511153806506515	0.159590124204122	0.0933137475517773	0.21694104306898013
93	0.18027527563752488	0.34890764854378725	0.001511153806506515	0.1592797783933518	0.0933137475517773	0.21671239606705225
94	0.1800713027724957	0.34892848448161284	0.001511153806506515	0.15939821425046552	0.0933137475517773	0.21677709713714213
95	0.18000002193256615	0.349038695626427	0.001511153806506515	0.1594574321790224	0.0933137475517773	0.21667894890370068
96	0.18010639487830715	0.34851944212324787	0.001511153806506515	0.1594991040546735	0.0933137475517773	0.21705015758548765
97	0.17988981078775199	0.3489120350570137	0.001511153806506515	0.1595007489971334	0.0933137475517773	0.2168725037998171
98	0.1797138019445413	0.34904746865287983	0.001511153806506515	0.15949142765652724	0.0933137475517773	0.21692240038776778
99	0.18002469606946483	0.34860333418870343	0.001511153806506515	0.15961041182779426	0.0933137475517773	0.21693665655575367
100	0.17965513233013775	0.34901621474614153	0.001511153806506515	0.15958628600504887	0.0933137475517773	0.21691746556038802
101	0.17956685375145578	0.34878537448760044	0.001511153806506515	0.1596559219025185	0.0933137475517773	0.21716694850014145
102	0.17966335704243733	0.348844044102004	0.001511153806506515	0.15953145458971846	0.0933137475517773	0.21713624290755643
103	0.179763698532492	0.34872780150150345	0.001511153806506515	0.15971184994615556	0.0933137475517773	0.21697174866156516
104	0.1794796718010804	0.34829737489115964	0.001511153806506515	0.16004577326551783	0.0933137475517773	0.2173522786839583
105	0.1791452001675648	0.34873054307226997	0.001511153806506515	0.16003261372583855	0.0933137475517773	0.21726674167604285
106	0.17940619770453764	0.3486022375603968	0.001511153806506515	0.15977764764455207	0.0933137475517773	0.21738901573222968
107	0.1791835821582961	0.348278183895794	0.001511153806506515	0.1602475528739338	0.0933137475517773	0.21746577971369227
108	0.1790026384877057	0.34829901983361955	0.001511153806506515	0.16032760674031624	0.0933137475517773	0.2175458335800747
109	0.1790530833898097	0.3483692040452425	0.001511153806506515	0.16013843835742625	0.0933137475517773	0.21761437284923774
110	0.1789247778779365	0.3485501477158329	0.001511153806506515	0.1603495393064484	0.0933137475517773	0.21735063374149838
111	0.17877563642823774	0.3485951094764039	0.001511153806506515	0.16027716183821222	0.0933137475517773	0.21752719089886235
112	0.1790563732747295	0.3481120447073428	0.001511153806506515	0.1603369280809224	0.0933137475517773	0.21766975257872145
113	0.1787323196101267	0.34856769376873864	0.001511153806506515	0.1603890179254863	0.0933137475517773	0.21748606733736453
114	0.1789406789883823	0.34788284939126163	0.001511153806506515	0.16044933248234977	0.0933137475517773	0.21790223777972245
115	0.1786544590003575	0.3480084133323683	0.001511153806506515	0.16076570974880633	0.0933137475517773	0.21774651656018407
116	0.17853437820078388	0.34818168060481247	0.001511153806506515	0.1607761277177191	0.0933137475517773	0.21768291211840077
117	0.17832163230930181	0.3482200625955437	0.001511153806506515	0.16079367377062484	0.0933137475517773	0.2178397299662458
118	0.1782136144211009	0.3484174556907333	0.001511153806506515	0.16073281089960806	0.0933137475517773	0.21781121763027397
119	0.17834904801696702	0.3484465163408584	0.001511153806506515	0.1607223929306953	0.0933137475517773	0.21765714135319547
120	0.17848941644021293	0.34784556402883693	0.001511153806506515	0.1610206758300928	0.0933137475517773	0.21781944234257353
121	0.1784471962504085	0.34821183788324417	0.001511153806506515	0.16081944453583014	0.0933137475517773	0.21769661997223339
122	0.17849435126759267	0.34802924927019385	0.001511153806506515	0.16079422208477814	0.0933137475517773	0.21785727601915153
123	0.17855850402352927	0.34792671452352597	0.001511153806506515	0.16092472085326456	0.0933137475517773	0.2177651592413964
124	0.1783720772114058	0.34817235926420625	0.001511153806506515	0.1609033366012857	0.0933137475517773	0.2177273255648184
125	0.17852231528941118	0.3478669482808158	0.001511153806506515	0.16097406912706194	0.0933137475517773	0.21781176594442728
126	0.17821196947864096	0.34849531630050246	0.001511153806506515	0.1607766760318724	0.0933137475517773	0.21769113683070032
127	0.1781406886387114	0.3481284941319419	0.001511153806506515	0.1610448016528382	0.0933137475517773	0.21786111421822466
128	0.1778807877300452	0.34833356362527773	0.001511153806506515	0.16101574100271307	0.0933137475517773	0.2179450062836802
129	0.17788517424327163	0.3481986783435649	0.001511153806506515	0.16109250498417566	0.0933137475517773	0.21799874107070402
130	0.1776466575865843	0.34822609405123006	0.001511153806506515	0.16114459482873955	0.0933137475517773	0.21815775217516226
131	0.17757921494572787	0.3482716041259543	0.001511153806506515	0.1611758487354779	0.0933137475517773	0.21814843083455607
132	0.1774021094742106	0.34831930745729184	0.001511153806506515	0.16132937669840308	0.0933137475517773	0.21812430501181068
133	0.17777002827107774	0.3481241076187155	0.001511153806506515	0.16146755186503575	0.0933137475517773	0.2178134108868872
134	0.17761759693645915	0.3483988130095209	0.001511153806506515	0.16111663080692104	0.0933137475517773	0.21804205788881506
135	0.17750245096426526	0.34832204902805836	0.001511153806506515	0.1612789317962991	0.0933137475517773	0.21807166685309348
136	0.17763898118843802	0.3480873705704441	0.001511153806506515	0.16138475642788683	0.0933137475517773	0.21806399045494723
137	0.17761266210907942	0.34822444910877015	0.001511153806506515	0.16118078356285764	0.0933137475517773	0.21815720386100895
138	0.17753863969838335	0.3481778424057393	0.001511153806506515	0.1614225901044648	0.0933137475517773	0.2180360264331287
139	0.17743884652248199	0.3478027955248792	0.001511153806506515	0.16163917419502	0.0933137475517773	0.21829428239933502
140	0.17713124228247829	0.3480555683495525	0.001511153806506515	0.16175377185306059	0.0933137475517773	0.21823451615662484
141	0.1770934086059003	0.348002381876682	0.001511153806506515	0.16170826177833633	0.0933137475517773	0.2183710463807976
142	0.17718113887042897	0.3480857256279842	0.001511153806506515	0.16185740322803507	0.0933137475517773	0.21805083091526792
143	0.1770018401422985	0.34783185617500434	0.001511153806506515	0.16188975376308004	0.0933137475517773	0.2184516485613333
144	0.17691410987776982	0.34784611234299023	0.001511153806506515	0.1620778255176634	0.0933137475517773	0.21833705090329272
145	0.17714769170707742	0.3476640720440932	0.001511153806506515	0.16188152905078046	0.0933137475517773	0.21848180583976506
146	0.17691520650607642	0.347768251733221	0.001511153806506515	0.16225547930333398	0.0933137475517773	0.21823616109908475
147	0.17707695918130117	0.3476092406287628	0.001511153806506515	0.16201586601834	0.0933137475517773	0.21847303281331218
148	0.17667449659277584	0.3478554336835964	0.001511153806506515	0.1623234702583437	0.0933137475517773	0.21832169810700022
149	0.176759485286538	0.3476092406287628	0.001511153806506515	0.16232621182911022	0.0933137475517773	0.21848016089730515
150	0.1769393323288218	0.3476426877921144	0.001511153806506515	0.16214691310097973	0.0933137475517773	0.21844616541980028
151	0.1769009503380905	0.3475560541558923	0.001511153806506515	0.16242107017763185	0.0933137475517773	0.21829702397010153
152	0.1766788831060023	0.3473882700249812	0.001511153806506515	0.16259378913592268	0.0933137475517773	0.21851415637481
153	0.17665366065495028	0.34767174844223947	0.001511153806506515	0.16247699822126888	0.0933137475517773	0.2183726913232575
154	0.17633563844603384	0.3479327459792123	0.001511153806506515	0.16236130393492168	0.0933137475517773	0.21854541028154836
155	0.17628738680054304	0.34757963166448436	0.001511153806506515	0.16260585204729538	0.0933137475517773	0.21870222812939336
156	0.17628629017223643	0.3479497437179647	0.001511153806506515	0.1625197667252266	0.0933137475517773	0.21841929802628837
157	0.17639375974628407	0.3477117753754307	0.001511153806506515	0.1626996137675104	0.0933137475517773	0.218369949752491
158	0.17624681155319855	0.3479535819170379	0.001511153806506515	0.16251592852615349	0.0933137475517773	0.21845877664532629
159	0.17629615982699592	0.3477112270612774	0.001511153806506515	0.16263107449834738	0.0933137475517773	0.21853663725509548
160	0.17631589913651488	0.3473773037419151	0.001511153806506515	0.16268645422783112	0.0933137475517773	0.21879544153545508
161	0.17630383622514217	0.34762897993828173	0.001511153806506515	0.1626968721967439	0.0933137475517773	0.21854541028154836
162	0.17621500933230688	0.34747490366120326	0.001511153806506515	0.16297596410077575	0.0933137475517773	0.21850922154743027
163	0.1763076744242153	0.3476613304733267	0.001511153806506515	0.16268809917029103	0.0933137475517773	0.21851799457388313
164	0.17589863206585032	0.34743816661293186	0.001511153806506515	0.16304011685671235	0.0933137475517773	0.21879818310622162
165	0.17621884753138	0.3477885393568933	0.001511153806506515	0.16283614399168317	0.0933137475517773	0.2183315677617597
166	0.17603954880324954	0.3478960089309409	0.001511153806506515	0.16277473280651308	0.0933137475517773	0.21846480810101263
167	0.17586244333173226	0.34741787898925963	0.001511153806506515	0.16296499781770968	0.0933137475517773	0.21892977850301462
168	0.1757911624918027	0.34727751056601375	0.001511153806506515	0.16319090324887103	0.0933137475517773	0.21891552233502873
169	0.17596717133501336	0.3471239826030885	0.001511153806506515	0.1631355235193873	0.0933137475517773	0.21894842118422697
170	0.17590192195077017	0.3473422116361036	0.001511153806506515	0.1630576629096181	0.0933137475517773	0.2188733021452243
171	0.1755471626935823	0.3478269213476246	0.001511153806506515	0.1630329887727194	0.0933137475517773	0.21876802582778987
172	0.17552852001236996	0.34757579346541123	0.001511153806506515	0.16327040880110014	0.0933137475517773	0.21880037636283484
173	0.17578732429272959	0.3473520812908631	0.001511153806506515	0.16317171225350538	0.0933137475517773	0.2188639808046181
174	0.17544682120352764	0.347800602268266	0.001511153806506515	0.16306424267945774	0.0933137475517773	0.2188634324904648
175	0.17551645710099728	0.347750157366162	0.001511153806506515	0.16302421574626652	0.0933137475517773	0.21888426842829037
176	0.17555264583511535	0.34781156855133205	0.001511153806506515	0.16308233704651678	0.0933137475517773	0.21872854720875198
177	0.17543366166384833	0.347699712464058	0.001511153806506515	0.1632259953546825	0.0933137475517773	0.21881572915912734
178	0.17575442544353131	0.3472358386903626	0.001511153806506515	0.16324847623496797	0.0933137475517773	0.2189363582728543
179	0.17542159875247565	0.3475039643113284	0.001511153806506515	0.16349302434734167	0.0933137475517773	0.2187565112305705
180	0.17553126158313648	0.3475056092537883	0.001511153806506515	0.1634447727018509	0.0933137475517773	0.2186934551029405
181	0.1753755403635981	0.3475012227405619	0.001511153806506515	0.16341187385265263	0.0933137475517773	0.21888646168490358
182	0.17534976959839277	0.3476772315837725	0.001511153806506515	0.16340255251204647	0.0933137475517773	0.2187455449475044
183	0.17545285265921398	0.34763610802227474	0.001511153806506515	0.16327260205771335	0.0933137475517773	0.21881353590251412
184	0.17530809772274167	0.3475566024700456	0.001511153806506515	0.16339213454313367	0.0933137475517773	0.21891826390579525
185	0.17492263287296878	0.3476432361062677	0.001511153806506515	0.1635599186740448	0.0933137475517773	0.21904931098843497
186	0.17527190898862358	0.34745845423660415	0.001511153806506515	0.16343928956031784	0.0933137475517773	0.21900544585617063
187	0.17508328891988692	0.3476470743053408	0.001511153806506515	0.16343764461785792	0.0933137475517773	0.21900709079863054
188	0.17531741906334783	0.34743761829877856	0.001511153806506515	0.16337458849022796	0.0933137475517773	0.21904547278936182
189	0.1751704708702623	0.34782034157778496	0.001511153806506515	0.16333565818534335	0.0933137475517773	0.2188486280083256
190	0.1748381924933599	0.34748532163011603	0.001511153806506515	0.16365532533671973	0.0933137475517773	0.2191962591815205
191	0.17509315857464638	0.34743323178555213	0.001511153806506515	0.1636388759121206	0.0933137475517773	0.21900983236939706
192	0.1749149564748225	0.347768251733221	0.001511153806506515	0.1635599186740448	0.0933137475517773	0.21893197175962784
193	0.17505916309714153	0.3474162340467997	0.001511153806506515	0.16360542874876904	0.0933137475517773	0.21909427274900592
194	0.1751211225964649	0.3472440634026622	0.001511153806506515	0.1636147500893752	0.0933137475517773	0.2191951625532139
195	0.1747970689318621	0.3475209620500808	0.001511153806506515	0.16377430950798674	0.0933137475517773	0.21908275815178652
196	0.1746950824993475	0.34761691702690906	0.001511153806506515	0.1636920623849911	0.0933137475517773	0.2191710367304685
197	0.17493469578434145	0.3475516676426659	0.001511153806506515	0.16377979264951978	0.0933137475517773	0.21890894256518906
198	0.1747197566362462	0.3473252138973512	0.001511153806506515	0.16373537920310213	0.0933137475517773	0.21939474890501665
199	0.17477678130818983	0.34716839604950617	0.001511153806506515	0.1637956937599656	0.0933137475517773	0.21943422752405453
200	0.17488644413885068	0.34725886788480137	0.001511153806506515	0.1639366104973648	0.0933137475517773	0.21909317612069928
201	0.1745020759173844	0.34744803626769133	0.001511153806506515	0.1637562151409277	0.0933137475517773	0.2194687713157127
202	0.17460680392066552	0.3473422116361036	0.001511153806506515	0.16408246206214372	0.0933137475517773	0.2191436210228033
203	0.1746287364867977	0.3475725035804914	0.001511153806506515	0.1639464801521243	0.0933137475517773	0.2190273784223028
204	0.17472688472023915	0.3470170613431942	0.001511153806506515	0.16414716313223363	0.0933137475517773	0.21928398944604918
205	0.174477950094639	0.34762952825243504	0.001511153806506515	0.16387026448481498	0.0933137475517773	0.2191973558098271
206	0.17440283105563634	0.34752589687746055	0.001511153806506515	0.16403256547419304	0.0933137475517773	0.21921380523442624
207	0.17431674573356756	0.3475160272227011	0.001511153806506515	0.1641285204510213	0.0933137475517773	0.21921380523442624
208	0.17428549182682923	0.3474414564978517	0.001511153806506515	0.16419870466264425	0.0933137475517773	0.219249445654391
209	0.1742789120569896	0.34731698918505166	0.001511153806506515	0.16419376983526449	0.0933137475517773	0.21938542756441046
210	0.17449056132016502	0.347681618096999	0.001511153806506515	0.1640024081957613	0.0933137475517773	0.21900051102879087
211	0.17432826033078697	0.3476273349958218	0.001511153806506515	0.16409013846029	0.0933137475517773	0.21912936485481738
212	0.17437431871966452	0.347517672165161	0.001511153806506515	0.16418280355219841	0.0933137475517773	0.21910030420469226
213	0.17433922661385304	0.34756044066911873	0.001511153806506515	0.1640808171196838	0.0933137475517773	0.2191946142390606
214	0.17446424224080642	0.347002256861055	0.001511153806506515	0.16422228217123633	0.0933137475517773	0.21948631736861846
215	0.1740480717984485	0.3472084229826974	0.001511153806506515	0.16449918081865497	0.0933137475517773	0.21941942304191533
216	0.17438967151595705	0.34712507923139513	0.001511153806506515	0.1643483944264963	0.0933137475517773	0.2193119534678677
217	0.17420927615951995	0.3470806657849775	0.001511153806506515	0.1643242686037509	0.0933137475517773	0.21956088809346783
218	0.17405300662582823	0.3473115060435186	0.001511153806506515	0.16433962140004343	0.0933137475517773	0.21947096457232593
219	0.17387535284015765	0.34702144785642064	0.001511153806506515	0.16457649311427086	0.0933137475517773	0.21970180483086701
220	0.1740223010332432	0.34724351508850887	0.001511153806506515	0.16444709097409105	0.0933137475517773	0.21946219154587307
221	0.17406890773627406	0.3468904007737809	0.001511153806506515	0.16464941889666032	0.0933137475517773	0.21956637123500086
222	0.17408097064764674	0.3474151374184931	0.001511153806506515	0.1644509291731642	0.0933137475517773	0.21922806140241213
223	0.17415883125741594	0.3472627060838745	0.001511153806506515	0.16456333357459155	0.0933137475517773	0.21919022772583416
224	0.1738430023051127	0.3473235689548913	0.001511153806506515	0.16452440326970696	0.0933137475517773	0.21948412411200524
225	0.17390331686197616	0.3472632543980278	0.001511153806506515	0.16462967958714136	0.0933137475517773	0.2193788477945708
226	0.17387425621185104	0.3476470743053408	0.001511153806506515	0.1645830728841105	0.0933137475517773	0.21907069524041384
227	0.17397021118867928	0.3471058882360295	0.001511153806506515	0.1645052122743413	0.0933137475517773	0.21959378694266607
228	0.17397021118867928	0.34717442750519256	0.001511153806506515	0.16436374722278882	0.0933137475517773	0.21966671272505556
229	0.17396692130375946	0.3471442702267608	0.001511153806506515	0.16459787736624973	0.0933137475517773	0.2194660297449462
230	0.17407219762119389	0.34731808581335827	0.001511153806506515	0.16453591786692634	0.0933137475517773	0.2192488973402377
231	0.17411606275345823	0.34719087692979167	0.001511153806506515	0.16465216046742684	0.0933137475517773	0.21921599849103945
232	0.1739482786225471	0.34723803194697583	0.001511153806506515	0.16463790429944095	0.0933137475517773	0.2193508837727523
233	0.17369002265634081	0.3472862835924666	0.001511153806506515	0.1645276931546268	0.0933137475517773	0.21967109923828199
234	0.17370647208093995	0.34743268347139883	0.001511153806506515	0.16472837613473615	0.0933137475517773	0.21930756695464126
235	0.17353046323772928	0.34743926324123847	0.001511153806506515	0.1647097334535238	0.0933137475517773	0.21949563870922462
236	0.17364177101085004	0.3474502295243046	0.001511153806506515	0.16461103690592904	0.0933137475517773	0.21947206120063253
237	0.17368015300158135	0.34734714646348336	0.001511153806506515	0.1646187133040753	0.0933137475517773	0.2195290858725762
238	0.1738676764420114	0.34720458478362426	0.001511153806506515	0.16458691108318366	0.0933137475517773	0.21951592633289688
239	0.17377555966425628	0.34730711953029214	0.001511153806506515	0.16448053813744262	0.0933137475517773	0.21961188130972512
240	0.1735704901709205	0.3472868319066199	0.001511153806506515	0.16470205705537755	0.0933137475517773	0.21961571950879824
241	0.1735611688303143	0.3473756587994552	0.001511153806506515	0.16466422337879955	0.0933137475517773	0.2195740476331471
242	0.17352607672450285	0.34743432841385874	0.001511153806506515	0.1646450323834339	0.0933137475517773	0.21956966111992068
243	0.173856161844792	0.34711356463417575	0.001511153806506515	0.16475743678486127	0.0933137475517773	0.21944793537788715
244	0.17384574387587923	0.34727641393770714	0.001511153806506515	0.1645918459105634	0.0933137475517773	0.21946109491756646
245	0.17362915978532403	0.3475966294032368	0.001511153806506515	0.16444599434578444	0.0933137475517773	0.21950331510737087
246	0.17362970809947734	0.3472506431725018	0.001511153806506515	0.16476675812546743	0.0933137475517773	0.21952798924426956
247	0.17360448564842534	0.3472890251632331	0.001511153806506515	0.16466312675049294	0.0933137475517773	0.21961846107956476
248	0.1736351912410104	0.3473614026314693	0.001511153806506515	0.1647097334535238	0.0933137475517773	0.2194687713157127
249	0.17360009913519892	0.3474655823205971	0.001511153806506515	0.16455346391983208	0.0933137475517773	0.2195559532660881
250	0.1735205935829698	0.34754673281528614	0.001511153806506515	0.16480843000111856	0.0933137475517773	0.21929934224234168
251	0.17330729937733444	0.3475297350765337	0.001511153806506515	0.16475359858578814	0.0933137475517773	0.2195844656020599
252	0.17338735324371687	0.3474129441618799	0.001511153806506515	0.16486709961552212	0.0933137475517773	0.21950770162059732
253	0.1732733038998296	0.3476125305136826	0.001511153806506515	0.16465216046742684	0.0933137475517773	0.2196371037607771
254	0.17321682754203924	0.3476092406287628	0.001511153806506515	0.16487477601366837	0.0933137475517773	0.21947425445724575
255	0.17332539374439349	0.34722267915068333	0.001511153806506515	0.16494550853944462	0.0933137475517773	0.21968151720719475
256	0.17323492190909828	0.3469485220740312	0.001511153806506515	0.165239953239769	0.0933137475517773	0.2197517014188177
257	0.1733391015982261	0.34724296677435557	0.001511153806506515	0.16494002539791158	0.0933137475517773	0.21965300487122294
258	0.1732107960863529	0.3471991016420912	0.001511153806506515	0.16497676244618298	0.0933137475517773	0.2197884384670891
259	0.17297447268627877	0.3472610611414146	0.001511153806506515	0.1651878633952051	0.0933137475517773	0.2197517014188177
260	0.17331497577548072	0.34713714214276786	0.001511153806506515	0.16492851080069218	0.0933137475517773	0.21979446992277543
261	0.17315431972856257	0.3472484499158886	0.001511153806506515	0.16507600730793104	0.0933137475517773	0.21969632168933398
262	0.17313458041904362	0.3471015017228031	0.001511153806506515	0.16502336914921384	0.0933137475517773	0.21991564735065566
263	0.1731866702636075	0.3470115782016612	0.001511153806506515	0.16510671290051607	0.0933137475517773	0.2198701372759314
264	0.1733654206775847	0.34718813535902515	0.001511153806506515	0.16494660516775123	0.0933137475517773	0.2196749374373551
265	0.17334458473975914	0.34695619847217746	0.001511153806506515	0.1650211758926006	0.0933137475517773	0.219853139537179
266	0.17346192396856625	0.3471996499562445	0.001511153806506515	0.16490931980532655	0.0933137475517773	0.21960420491157887
267	0.1732996229791882	0.34709821183788325	0.001511153806506515	0.16511548592696895	0.0933137475517773	0.2196617778976758
268	0.17316144781255552	0.34673687281085575	0.001511153806506515	0.16534303630059022	0.0933137475517773	0.2199337417177147
269	0.17319379834760046	0.3471832005316454	0.001511153806506515	0.1649679894197301	0.0933137475517773	0.21983011034274022
270	0.1731850253211476	0.3472111645534639	0.001511153806506515	0.16497785907448959	0.0933137475517773	0.21980104969261507
271	0.1732387601081714	0.34704776693577927	0.001511153806506515	0.16507381405131782	0.0933137475517773	0.2198147575464477
272	0.17306329957911407	0.34731205435767193	0.001511153806506515	0.1650573646267187	0.0933137475517773	0.21974238007821154
273	0.1731581579276357	0.34711301632002245	0.001511153806506515	0.16507929719285086	0.0933137475517773	0.21982462720120716
274	0.17330510612072123	0.3471793623325723	0.001511153806506515	0.16491041643363316	0.0933137475517773	0.2197802137547895
275	0.17334787462467896	0.34721555106669033	0.001511153806506515	0.1649954051273953	0.0933137475517773	0.21961626782295154
276	0.1733127825188675	0.34731095772936527	0.001511153806506515	0.1649668927914235	0.0933137475517773	0.2195844656020599
277	0.17349153293284467	0.34707463432929114	0.001511153806506515	0.1647733378953071	0.0933137475517773	0.21983559348427326
278	0.1732113444005062	0.3472479016017353	0.001511153806506515	0.16492357597331245	0.0933137475517773	0.21979227666616222
279	0.1729503468635334	0.34734824309178997	0.001511153806506515	0.16513412860818127	0.0933137475517773	0.21974238007821154
280	0.17315212647194936	0.34712782080216165	0.001511153806506515	0.1652377599831558	0.0933137475517773	0.21965739138444937
281	0.17299530862410434	0.3470280276262603	0.001511153806506515	0.16522789032839633	0.0933137475517773	0.21992387206295524
282	0.17299366368164443	0.34708560061235727	0.001511153806506515	0.16507984550700416	0.0933137475517773	0.22001598884071036
283	0.1731828320645344	0.3470335107677933	0.001511153806506515	0.16519882967827118	0.0933137475517773	0.21975992613111728
284	0.1731603511842489	0.34715304325321367	0.001511153806506515	0.16501788600768078	0.0933137475517773	0.2198438181965728
285	0.1730413670129819	0.34711411294832906	0.001511153806506515	0.16508861853345702	0.0933137475517773	0.2199310001469482
286	0.1730166928760832	0.34741129921942	0.001511153806506515	0.1649175445176261	0.0933137475517773	0.21982956202858692
287	0.17292951092570782	0.34712617585970174	0.001511153806506515	0.16526188580590118	0.0933137475517773	0.21985752605040543
288	0.1729777625711986	0.347297798189686	0.001511153806506515	0.16498937367170896	0.0933137475517773	0.21991016420912263
289	0.17281929978089366	0.34711027474925593	0.001511153806506515	0.16529478465509942	0.0933137475517773	0.21995073945646715
290	0.17295966820413955	0.3471590747089	0.001511153806506515	0.1652010229348844	0.0933137475517773	0.2198553327937922
291	0.17288125928021705	0.3471053399218762	0.001511153806506515	0.1652635307483611	0.0933137475517773	0.21992496869126185
292	0.17307316923387353	0.3472813487650869	0.001511153806506515	0.1649542815658975	0.0933137475517773	0.21986629907685828
293	0.17308852203016606	0.3471771690759591	0.001511153806506515	0.16510506795805616	0.0933137475517773	0.21980433957753492
294	0.17290703004542235	0.346958940042944	0.001511153806506515	0.16527998017296022	0.0933137475517773	0.22002914838038964
295	0.17302217601761624	0.3471711376202727	0.001511153806506515	0.16516318925830642	0.0933137475517773	0.21981859574552082
296	0.17267673810103457	0.34722542072144985	0.001511153806506515	0.16536222729595584	0.0933137475517773	0.21991071252327593
297	0.17278749756000203	0.34702199617057394	0.001511153806506515	0.16544886093217792	0.0933137475517773	0.21991674397896227
298	0.1730057265930171	0.3470389939093264	0.001511153806506515	0.1653172655353849	0.0933137475517773	0.21981311260398778
299	0.17277872453354914	0.34716839604950617	0.001511153806506515	0.16531342733631177	0.0933137475517773	0.21991455072234906
300	0.1728088818119809	0.34727641393770714	0.001511153806506515	0.16507929719285086	0.0933137475517773	0.22001050569917732
301	0.17293883226631399	0.3473603060031627	0.001511153806506515	0.1652032161914976	0.0933137475517773	0.2196727441807419
302	0.1730057265930171	0.3471810072750322	0.001511153806506515	0.16509300504668348	0.0933137475517773	0.21989535972698343
303	0.17294650866446026	0.3468914974020875	0.001511153806506515	0.16543953959157176	0.0933137475517773	0.21989755298359664
304	0.17298214908442502	0.34714920505414054	0.001511153806506515	0.16538415986208801	0.0933137475517773	0.21965958464106258
305	0.17297447268627877	0.3471179511474022	0.001511153806506515	0.1653666138091823	0.0933137475517773	0.21971606099885294
306	0.17286755142638444	0.3473548228616296	0.001511153806506515	0.1651620926299998	0.0933137475517773	0.2197906317237023
307	0.17253362810702216	0.3474622924356773	0.001511153806506515	0.16517854205459892	0.0933137475517773	0.22000063604441783
308	0.17283300763472628	0.34707902084251757	0.001511153806506515	0.16542583173773914	0.0933137475517773	0.21983723842673317
309	0.17257201009775344	0.347247353287582	0.001511153806506515	0.16541596208297968	0.0933137475517773	0.21993977317340105
310	0.17267454484442135	0.34731479592843845	0.001511153806506515	0.16525804760682805	0.0933137475517773	0.21992771026202837
311	0.17275021219757733	0.34710972643510263	0.001511153806506515	0.1653814182913215	0.0933137475517773	0.2199337417177147
312	0.1729163513860285	0.34714810842583393	0.001511153806506515	0.1652898498277197	0.0933137475517773	0.21982078900213403
313	0.17273705265789802	0.3472215825223767	0.001511153806506515	0.16539677108761403	0.0933137475517773	0.21981969237382742
314	0.17266303024720195	0.347303281331219	0.001511153806506515	0.16524488806714874	0.0933137475517773	0.21996389899614646
315	0.1729393805804673	0.3473257622115045	0.001511153806506515	0.16519224990843154	0.0933137475517773	0.21971770594131285
316	0.17245686412555955	0.34738662508252127	0.001511153806506515	0.1654203485962061	0.0933137475517773	0.21991126083742923
317	0.1725544640448477	0.3471804589608789	0.001511153806506515	0.16527888354465362	0.0933137475517773	0.22016129209133597
318	0.1726438392518363	0.3471064365501828	0.001511153806506515	0.16537922503470828	0.0933137475517773	0.22004559780498878
319	0.1726816729284143	0.34716455785043304	0.001511153806506515	0.16538690143285453	0.0933137475517773	0.2199419664300143
320	0.17278969081661524	0.3469507153306444	0.001511153806506515	0.16533974641567037	0.0933137475517773	0.22009494607878616
321	0.17260161906203186	0.3472627060838745	0.001511153806506515	0.16544995756048453	0.0933137475517773	0.21986081593532525
322	0.17240477428099565	0.34761527208444915	0.001511153806506515	0.16531233070800516	0.0933137475517773	0.2198427215682662
323	0.1724771517492318	0.3474792901744297	0.001511153806506515	0.165328231818451	0.0933137475517773	0.21989042489960367
324	0.17264877407921606	0.3470675062452982	0.001511153806506515	0.16545982721524402	0.0933137475517773	0.21999899110195792
325	0.17265809541982222	0.3471568814522868	0.001511153806506515	0.1654335081358854	0.0933137475517773	0.21992661363372176
326	0.17246618546616574	0.3473416633219503	0.001511153806506515	0.16545653733032417	0.0933137475517773	0.21991071252327593
327	0.1725396595627085	0.347467227263057	0.001511153806506515	0.1652925913984862	0.0933137475517773	0.21987562041746447
328	0.17246508883785913	0.3473542745474763	0.001511153806506515	0.16522514875762978	0.0933137475517773	0.22013058649875095
329	0.17252595170887589	0.3473570161182428	0.001511153806506515	0.16522350381516987	0.0933137475517773	0.22006862699942756
330	0.17262245499985743	0.347360854317316	0.001511153806506515	0.16525530603606153	0.0933137475517773	0.21993648328848123
331	0.17244644615664678	0.3473416633219503	0.001511153806506515	0.16550040246258851	0.0933137475517773	0.21988658670053055
332	0.17264054936691647	0.3471091781209493	0.001511153806506515	0.16523118021331615	0.0933137475517773	0.22019419094053425
333	0.17249963262951729	0.34716565447873965	0.001511153806506515	0.16537812840640168	0.0933137475517773	0.22013168312705755
334	0.17245302592648643	0.347492449714109	0.001511153806506515	0.16534961607042986	0.0933137475517773	0.2198800069306909
335	0.17240477428099565	0.3473049262736789	0.001511153806506515	0.16544173284818497	0.0933137475517773	0.2200236652388566
336	0.17240587090930226	0.34750889913870814	0.001511153806506515	0.16530520262401222	0.0933137475517773	0.21995512596969358
337	0.17240806416591548	0.3474140407901865	0.001511153806506515	0.16529588128340603	0.0933137475517773	0.22005711240220818
338	0.17239051811300973	0.3473515329767098	0.001511153806506515	0.16531342733631177	0.0933137475517773	0.22011962021568485
339	0.1725933943497323	0.3470861489265106	0.001511153806506515	0.16550204740504842	0.0933137475517773	0.21999350796042488
340	0.1723598125204247	0.34706092647545855	0.001511153806506515	0.16559416418280357	0.0933137475517773	0.22016019546302937
341	0.17223479689347132	0.34751218902362796	0.001511153806506515	0.16544228116233828	0.0933137475517773	0.2199858315622786
342	0.17224685980484403	0.3474162340467997	0.001511153806506515	0.16543789464911185	0.0933137475517773	0.2200741101409606
343	0.17258845952235258	0.3473553711757829	0.001511153806506515	0.16521911730194344	0.0933137475517773	0.22001215064163723
344	0.17255172247408118	0.3472489982300419	0.001511153806506515	0.16546311710016384	0.0933137475517773	0.21991126083742923
345	0.1722962080786414	0.3475215103642341	0.001511153806506515	0.16534851944212325	0.0933137475517773	0.22000886075671738
346	0.1723833900290168	0.34734659814933005	0.001511153806506515	0.16541102725559995	0.0933137475517773	0.2200340832077694
347	0.17234281478167227	0.3473751104853019	0.001511153806506515	0.16537209695071534	0.0933137475517773	0.2200850764240267
348	0.17238777654224322	0.34758127660694427	0.001511153806506515	0.16534084304397698	0.0933137475517773	0.21986520244855168
349	0.17255062584577457	0.3474123958477266	0.001511153806506515	0.16541486545467307	0.0933137475517773	0.21979721149354195
350	0.17240477428099565	0.3476432361062677	0.001511153806506515	0.16521856898779014	0.0933137475517773	0.21990851926666272
351	0.17241848213482824	0.34743816661293186	0.001511153806506515	0.16543899127741846	0.0933137475517773	0.2198794586165376
352	0.17239874282530931	0.34749738454148876	0.001511153806506515	0.16520431281980422	0.0933137475517773	0.2200746584551139
353	0.17245412255479303	0.34737072397207547	0.001511153806506515	0.16520540944811085	0.0933137475517773	0.22014484266673684
354	0.17252430676641597	0.34730766784444544	0.001511153806506515	0.16539622277346072	0.0933137475517773	0.21994690125739402
355	0.17213829360248978	0.347454616037531	0.001511153806506515	0.1652673689474342	0.0933137475517773	0.22031482005426117
356	0.1723499428656652	0.34734275995025693	0.001511153806506515	0.16546914855585018	0.0933137475517773	0.22001324726994384
357	0.17228030696819557	0.3475160272227011	0.001511153806506515	0.16538909468946777	0.0933137475517773	0.21998966976135176
358	0.1722572777737568	0.3476629754157866	0.001511153806506515	0.1652141824745637	0.0933137475517773	0.22004066297760905
359	0.1723082709900141	0.34739868799389395	0.001511153806506515	0.16519499147919806	0.0933137475517773	0.22027314817861005
360	0.17219422164612683	0.3473904632815944	0.001511153806506515	0.16555742713453217	0.0933137475517773	0.2200329865794628
361	0.17228853168049515	0.34739704305143404	0.001511153806506515	0.16539019131777438	0.0933137475517773	0.2200993325920126
362	0.17206536782010032	0.34772822480002985	0.001511153806506515	0.16533590821659724	0.0933137475517773	0.22004559780498878
363	0.17250785734181684	0.3473630475739292	0.001511153806506515	0.16517963868290553	0.0933137475517773	0.2201245550430646
364	0.17217283739414796	0.347303281331219	0.001511153806506515	0.1655075305465815	0.0933137475517773	0.2201914493697677
365	0.17222273398209864	0.3473389217511838	0.001511153806506515	0.16544940924633122	0.0933137475517773	0.2201640336621025
366	0.17218380367721403	0.3475341215897601	0.001511153806506515	0.16533645653075055	0.0933137475517773	0.22012071684399145
367	0.1722956597644881	0.3476043058013831	0.001511153806506515	0.1653271351901444	0.0933137475517773	0.21994799788570063
368	0.17256981684114023	0.34729231504815294	0.001511153806506515	0.16540225422914706	0.0933137475517773	0.21991071252327593
369	0.172090041956999	0.34746064749321737	0.001511153806506515	0.1653567441544228	0.0933137475517773	0.220267665037077
370	0.1722951114503348	0.347573600208798	0.001511153806506515	0.16544063621987837	0.0933137475517773	0.21986575076270498
371	0.17224521486238412	0.3474694205196702	0.001511153806506515	0.16530849250893204	0.0933137475517773	0.22015197075072981
372	0.1725012775719772	0.34762843162412843	0.001511153806506515	0.16513412860818127	0.0933137475517773	0.21991126083742923
373	0.17238832485639652	0.34761307882783593	0.001511153806506515	0.16525530603606153	0.0933137475517773	0.2199183889214222
374	0.1722304103802449	0.34767010349977956	0.001511153806506515	0.1653567441544228	0.0933137475517773	0.21991784060726888
375	0.17242890010374104	0.3475209620500808	0.001511153806506515	0.16518238025367207	0.0933137475517773	0.22004285623422226
376	0.17231101256078063	0.34756647212480507	0.001511153806506515	0.165290398141873	0.0933137475517773	0.22000721581425747
377	0.17222218566794534	0.3475549575275857	0.001511153806506515	0.16517086565645267	0.0933137475517773	0.2202270897897325
378	0.1722424732916176	0.34770300234897783	0.001511153806506515	0.16526901388989412	0.0933137475517773	0.2199606091112266
379	0.1722687923709762	0.3474814834310429	0.001511153806506515	0.16523172852746945	0.0933137475517773	0.22019309431222764
380	0.17232526872876652	0.3475160272227011	0.001511153806506515	0.1652914947701796	0.0933137475517773	0.22004230792006896
381	0.17198366901125797	0.34768764955268533	0.001511153806506515	0.16522185887270996	0.0933137475517773	0.2202819212050629
382	0.17227811371158236	0.34738223856929484	0.001511153806506515	0.16534084304397698	0.0933137475517773	0.22017390331686199
383	0.17248373151907145	0.3476218518542888	0.001511153806506515	0.16519553979335136	0.0933137475517773	0.21987397547500456
384	0.1720889453286924	0.3473882700249812	0.001511153806506515	0.16535071269873647	0.0933137475517773	0.2203471705893061
385	0.17213500371756996	0.34754837775774605	0.001511153806506515	0.16534084304397698	0.0933137475517773	0.2201508741224232
386	0.17257310672606005	0.3477337079415629	0.001511153806506515	0.16490109509302697	0.0933137475517773	0.21996718888106628
387	0.17208346218715936	0.347649267561954	0.001511153806506515	0.16532603856183778	0.0933137475517773	0.22011633033076503
388	0.1722583744020634	0.3472369353186692	0.001511153806506515	0.1653814182913215	0.0933137475517773	0.22029837062966204
389	0.17213719697418317	0.34743706998462526	0.001511153806506515	0.16545324744540435	0.0933137475517773	0.22014758423750339
390	0.17230223953432774	0.3476262383675152	0.001511153806506515	0.16547627663984313	0.0933137475517773	0.21977034410003005
391	0.1722430216057709	0.34746996883382353	0.001511153806506515	0.16538854637531447	0.0933137475517773	0.2200735618268073
392	0.1721805137922942	0.3472632543980278	0.001511153806506515	0.16552672154194714	0.0933137475517773	0.220204608909447
393	0.1719600915026659	0.34770684054805095	0.001511153806506515	0.16535290595534968	0.0933137475517773	0.22015526063564964
394	0.17228633842388194	0.3476108855712227	0.001511153806506515	0.1652657240049743	0.0933137475517773	0.22001215064163723
395	0.1720999116117585	0.3474929980282623	0.001511153806506515	0.16552178671456738	0.0933137475517773	0.220060402287128
396	0.17217283739414796	0.3476207552259822	0.001511153806506515	0.1653540025836563	0.0933137475517773	0.22002750343792973
397	0.17239600125454277	0.34740636439204026	0.001511153806506515	0.16532055542030474	0.0933137475517773	0.22005217757482842
398	0.17202040605952937	0.3476256900533619	0.001511153806506515	0.16528710825695317	0.0933137475517773	0.2202418942718717
399	0.17216790256676823	0.3475544092134324	0.001511153806506515	0.16538470817624132	0.0933137475517773	0.22006807868527425
400	0.1723724237459507	0.3473718206003821	0.001511153806506515	0.16530849250893204	0.0933137475517773	0.22012236178645136
401	0.1710564697780205	0.35064635272391503	0.001511153806506515	0.16709215844963077	0.0933137475517773	0.21638011769014986
402	0.17104331023834118	0.35064854598052825	0.001511153806506515	0.16709490002039729	0.0933137475517773	0.21638834240244942
403	0.17103508552604163	0.35064854598052825	0.001511153806506515	0.16710367304685014	0.0933137475517773	0.21638779408829611
404	0.17102686081374208	0.3506622538343609	0.001511153806506515	0.16710257641854354	0.0933137475517773	0.2163834075750697
405	0.1710208293580557	0.35068637965710625	0.001511153806506515	0.16708886856471095	0.0933137475517773	0.21637902106184326
406	0.1710317956411218	0.3506814448297265	0.001511153806506515	0.16708612699394443	0.0933137475517773	0.21637573117692344
407	0.1710186361014425	0.35068473471464634	0.001511153806506515	0.16708886856471095	0.0933137475517773	0.21638285926091638
408	0.17101041138914294	0.35068747628541286	0.001511153806506515	0.16709490002039729	0.0933137475517773	0.21638231094676308
409	0.17099670353531032	0.3506957009977124	0.001511153806506515	0.16709270676378407	0.0933137475517773	0.21638998734490933
410	0.17100876644668303	0.3506946043694058	0.001511153806506515	0.16708886856471095	0.0933137475517773	0.21638285926091638
411	0.17101150801744955	0.350691314484486	0.001511153806506515	0.16709270676378407	0.0933137475517773	0.21637956937599656
412	0.17099999342023017	0.35070502233831863	0.001511153806506515	0.16709106182132416	0.0933137475517773	0.21637902106184326
413	0.17099725184946363	0.3507126987364649	0.001511153806506515	0.16708612699394443	0.0933137475517773	0.21637902106184326
414	0.1709775125399447	0.3507137953647715	0.001511153806506515	0.1670954483345506	0.0933137475517773	0.21638834240244942
415	0.17097093277010503	0.3507132470506182	0.001511153806506515	0.16710586630346339	0.0933137475517773	0.2163850525175296
416	0.17096270805780547	0.350716536935538	0.001511153806506515	0.16711354270160964	0.0933137475517773	0.21638231094676308
417	0.17095009683227946	0.35072476164783756	0.001511153806506515	0.16710696293177	0.0933137475517773	0.21639327722982918
418	0.1709424204341332	0.3507455975856631	0.001511153806506515	0.1670970932770105	0.0933137475517773	0.21638998734490933
419	0.1709407754916733	0.3507516290413495	0.001511153806506515	0.1670959966487039	0.0933137475517773	0.2163866974599895
420	0.1709287125803006	0.3507554672404226	0.001511153806506515	0.1670987382194704	0.0933137475517773	0.21639218060152257
421	0.17091006989908827	0.35077630317824815	0.001511153806506515	0.1670981899053171	0.0933137475517773	0.21639053565906263
422	0.1709144564123147	0.3507861728330076	0.001511153806506515	0.16708393373733121	0.0933137475517773	0.21639053565906263
423	0.1709051350717085	0.35079933237268696	0.001511153806506515	0.16708009553825806	0.0933137475517773	0.21639053565906263
424	0.17092377775292086	0.3508042672000667	0.001511153806506515	0.16706529105611886	0.0933137475517773	0.21638176263260978
425	0.17091719798308122	0.3508245548237389	0.001511153806506515	0.16705322814474616	0.0933137475517773	0.21638011769014986
426	0.17092103618215435	0.3508020739434535	0.001511153806506515	0.1670724191401118	0.0933137475517773	0.21637956937599656
427	0.1709287125803006	0.3508070087708332	0.001511153806506515	0.16706254948535235	0.0933137475517773	0.21637682780523004
428	0.17091719798308122	0.35081578179728606	0.001511153806506515	0.16706858094103869	0.0933137475517773	0.21637353792031022
429	0.17090787664247506	0.3508234581954323	0.001511153806506515	0.16706474274196556	0.0933137475517773	0.21637902106184326
430	0.17090787664247506	0.3508240065095856	0.001511153806506515	0.16706638768442547	0.0933137475517773	0.21637682780523004
431	0.17089416878864244	0.3508415525624914	0.001511153806506515	0.16706200117119904	0.0933137475517773	0.21637737611938335
432	0.17089197553202923	0.35085197053140416	0.001511153806506515	0.1670592596004325	0.0933137475517773	0.2163718929778503
433	0.17089636204525566	0.3508722581550764	0.001511153806506515	0.1670433584899867	0.0933137475517773	0.21636311995139743
434	0.17088155756311643	0.35088048286737594	0.001511153806506515	0.16704664837490651	0.0933137475517773	0.21636640983631725
435	0.1708749777932768	0.35088541769475573	0.001511153806506515	0.16705377645889946	0.0933137475517773	0.2163609266947842
436	0.17087333285081688	0.3509095435175011	0.001511153806506515	0.1670329405210739	0.0933137475517773	0.2163592817523243
437	0.17086401151021072	0.35092105811472046	0.001511153806506515	0.16702526412292765	0.0933137475517773	0.21636476489385734
438	0.17086072162529087	0.35091941317226055	0.001511153806506515	0.16702910232200077	0.0933137475517773	0.21636586152216394
439	0.17084646545730497	0.350923799685487	0.001511153806506515	0.1670329405210739	0.0933137475517773	0.2163718929778503
440	0.17085743174037105	0.3509144783448808	0.001511153806506515	0.16702745737954086	0.0933137475517773	0.21637573117692344
441	0.17084701377145828	0.35092050980056716	0.001511153806506515	0.16703732703430035	0.0933137475517773	0.2163702480353904
442	0.17084701377145828	0.3509358625968597	0.001511153806506515	0.16702252255216113	0.0933137475517773	0.2163696997212371
443	0.1708508519705314	0.35092928282702	0.001511153806506515	0.16702526412292765	0.0933137475517773	0.2163696997212371
444	0.17083933737331203	0.35094299068085266	0.001511153806506515	0.16702526412292765	0.0933137475517773	0.21636750646462385
445	0.17083933737331203	0.3509462805657725	0.001511153806506515	0.16702416749462104	0.0933137475517773	0.21636531320801064
446	0.1708382407450054	0.350949022136539	0.001511153806506515	0.16702581243708095	0.0933137475517773	0.21636202332309082
447	0.17083166097516575	0.35097205133097775	0.001511153806506515	0.16701320121155494	0.0933137475517773	0.2163581851240177
448	0.17083056434685914	0.3509841142423505	0.001511153806506515	0.1670049764992554	0.0933137475517773	0.21635544355325118
449	0.17081575986471992	0.350999467038643	0.001511153806506515	0.16700278324264217	0.0933137475517773	0.2163570884957111
450	0.17082891940439923	0.3509983704103364	0.001511153806506515	0.1669929135878827	0.0933137475517773	0.21635489523909787
451	0.17082727446193932	0.3510142715207822	0.001511153806506515	0.16698633381804304	0.0933137475517773	0.21634721884095162
452	0.17081795312133316	0.3510203029764685	0.001511153806506515	0.166993461902036	0.0933137475517773	0.21634338064187847
453	0.17081411492226	0.3510224962330818	0.001511153806506515	0.16698578550388973	0.0933137475517773	0.21635270198248466
454	0.17081904974963977	0.3510164647773954	0.001511153806506515	0.16698523718973643	0.0933137475517773	0.21635434692494457
455	0.17081740480717986	0.3510142715207822	0.001511153806506515	0.16698414056142982	0.0933137475517773	0.2163592817523243
456	0.1708135666081067	0.3510164647773954	0.001511153806506515	0.16698085067651	0.0933137475517773	0.21636421657970403
457	0.17080040706842742	0.3510268827463082	0.001511153806506515	0.16698085067651	0.0933137475517773	0.21636695815047055
458	0.17080698683826706	0.3510203029764685	0.001511153806506515	0.1669797540482034	0.0933137475517773	0.21636805477877716
459	0.17080808346657367	0.3510192063481619	0.001511153806506515	0.1669792057340501	0.0933137475517773	0.2163686030929305
460	0.1707987621259675	0.35102907600292144	0.001511153806506515	0.16697372259251705	0.0933137475517773	0.21637353792031022
461	0.17080589020996045	0.3510235928613884	0.001511153806506515	0.16697536753497697	0.0933137475517773	0.2163702480353904
462	0.1707993104401208	0.35103455914445447	0.001511153806506515	0.16696823945098402	0.0933137475517773	0.21637298960615692
463	0.1707856025862882	0.35104497711336724	0.001511153806506515	0.16696385293775756	0.0933137475517773	0.21638066600430317
464	0.1707609284493895	0.35106471642288617	0.001511153806506515	0.16696604619437078	0.0933137475517773	0.2163834075750697
465	0.17075160710878334	0.3510652647370395	0.001511153806506515	0.16697481922082366	0.0933137475517773	0.2163834075750697
466	0.17075051048047674	0.35108061753333203	0.001511153806506515	0.16696275630945095	0.0933137475517773	0.21638121431845647
467	0.17074776890971022	0.3510762310201056	0.001511153806506515	0.16696878776513732	0.0933137475517773	0.21638231094676308
468	0.17075215542293665	0.3510745860776457	0.001511153806506515	0.16696275630945095	0.0933137475517773	0.2163856008316829
469	0.17076641159092254	0.3510411389142941	0.001511153806506515	0.16697207765005714	0.0933137475517773	0.2163954704864424
470	0.17076257339184941	0.3510416872284474	0.001511153806506515	0.16697152933590384	0.0933137475517773	0.21639930868551552
471	0.17075380036539656	0.3510416872284474	0.001511153806506515	0.16698414056142982	0.0933137475517773	0.2163954704864424
472	0.17075544530785647	0.35104881531244037	0.001511153806506515	0.16697481922082366	0.0933137475517773	0.2163960188005957
473	0.1707592835069296	0.35104771868413376	0.001511153806506515	0.16697317427836375	0.0933137475517773	0.2163949221722891
474	0.17076312170600272	0.3510405906001408	0.001511153806506515	0.1669792057340501	0.0933137475517773	0.21639218060152257
475	0.17076586327676924	0.3510400422859875	0.001511153806506515	0.16697207765005714	0.0933137475517773	0.2163971154289023
476	0.17077353967491551	0.3510263344321549	0.001511153806506515	0.1669792057340501	0.0933137475517773	0.2163960188005957
477	0.17078011944475516	0.3510252378038483	0.001511153806506515	0.16697372259251705	0.0933137475517773	0.2163960188005957
478	0.17078066775890846	0.3510230445472351	0.001511153806506515	0.16697207765005714	0.0933137475517773	0.21639930868551552
479	0.17077847450229525	0.351042783856754	0.001511153806506515	0.16694959676977167	0.0933137475517773	0.21640424351289525
480	0.17078011944475516	0.3510411389142941	0.001511153806506515	0.16694795182731176	0.0933137475517773	0.21640588845535516
481	0.17078176438721507	0.35103401083030117	0.001511153806506515	0.1669523383405382	0.0933137475517773	0.21640698508366177
482	0.17079108572782123	0.3510230445472351	0.001511153806506515	0.16696056305283774	0.0933137475517773	0.21640040531382213
483	0.17078340932967498	0.3510219479189285	0.001511153806506515	0.16696878776513732	0.0933137475517773	0.21640095362797543
484	0.17077518461737543	0.3510257861180016	0.001511153806506515	0.16696549788021747	0.0933137475517773	0.21640863002612168
485	0.1707713464183023	0.3510400422859875	0.001511153806506515	0.16695672485376462	0.0933137475517773	0.21640698508366177
486	0.17076312170600272	0.3510422355426007	0.001511153806506515	0.16696385293775756	0.0933137475517773	0.21640588845535516
487	0.17076750821922915	0.35104552542752054	0.001511153806506515	0.16695672485376462	0.0933137475517773	0.21640534014120186
488	0.17077463630322212	0.3510515568832069	0.001511153806506515	0.16694959676977167	0.0933137475517773	0.21639930868551552
489	0.17077792618814194	0.3510575883388932	0.001511153806506515	0.1669441136282386	0.0933137475517773	0.2163954704864424
490	0.17076421833430933	0.3510564917105866	0.001511153806506515	0.1669550799113047	0.0933137475517773	0.21639930868551552
491	0.17074667228140358	0.35106032990965974	0.001511153806506515	0.16696330462360426	0.0933137475517773	0.21640479182704855
492	0.17074228576817715	0.3510532018256668	0.001511153806506515	0.16696988439344393	0.0933137475517773	0.21640972665442829
493	0.17072583634357805	0.3510542984539734	0.001511153806506515	0.1669786574198968	0.0933137475517773	0.21641630642426796
494	0.17073022285680448	0.3510378490293743	0.001511153806506515	0.16698962370296286	0.0933137475517773	0.21641740305257456
495	0.17072912622849787	0.35103017263122804	0.001511153806506515	0.16699455853034262	0.0933137475517773	0.2164212412516477
496	0.17072802960019126	0.35103181757368795	0.001511153806506515	0.1669923652737294	0.0933137475517773	0.2164228861941076
497	0.1707219981445049	0.3510570400247399	0.001511153806506515	0.16697481922082366	0.0933137475517773	0.2164212412516477
498	0.1707225464586582	0.35104717036998045	0.001511153806506515	0.1669797540482034	0.0933137475517773	0.21642562776487412
499	0.17071761163127847	0.35105539508228	0.001511153806506515	0.1669786574198968	0.0933137475517773	0.2164234345082609
500	0.1707093869189789	0.3510570400247399	0.001511153806506515	0.16698359224727652	0.0933137475517773	0.21642507945072081
