Iteration	bicycle	car	freight	pt	ride	walk
0	1578687	8378992	68357	3449241	2832419	1009369
1	1621274	8275173	68647	3406856	2842177	1111303
2	1644935	8231930	68935	3382828	2850001	1165706
3	1662802	8212791	69160	3363618	2856839	1190523
4	1669520	8204968	69384	3353201	2862377	1209588
5	1677177	8208919	69553	3341735	2866643	1221402
6	1682983	8202891	69808	3337867	2869993	1234402
7	1687777	8201902	70011	3329836	2873620	1244465
8	1700333	8195336	70100	3317192	2876205	1251430
9	1703548	8199490	70303	3313409	2878362	1257690
10	1714126	8186255	70404	3308113	2880300	1266594
11	1723930	8182554	70507	3306943	2882996	1264019
12	1726798	8183870	70666	3300206	2885007	1271958
13	1732797	8187023	70683	3294382	2886519	1275151
14	1740155	8175358	70794	3291885	2887151	1280216
15	1739763	8179837	70740	3289640	2889047	1279694
16	1750217	8170596	70792	3289726	2889550	1281301
17	1745837	8183430	70890	3282495	2890579	1285117
18	1752197	8182587	70931	3277919	2891396	1283478
19	1755110	8175079	71029	3279366	2892490	1286459
20	1757296	8183299	71085	3274216	2892639	1284360
21	1758831	8180489	71138	3276567	2892521	1282774
22	1760527	8195913	71193	3261778	2893490	1285946
23	1770370	8187830	71366	3263261	2894098	1282629
24	1773242	8186217	71281	3260872	2894031	1282041
25	1771263	8185405	71293	3265645	2893628	1280058
26	1778150	8194827	71305	3260136	2893431	1273199
27	1777326	8211752	71471	3253759	2894043	1267929
28	1778014	8225227	71551	3244216	2894345	1263120
29	1773950	8231242	71649	3245877	2894252	1261747
30	1771003	8232967	71704	3250340	2894658	1261901
31	1769915	8244064	71858	3246287	2893886	1256989
32	1766310	8249625	71933	3247215	2893545	1254800
33	1768895	8250102	71966	3244108	2893913	1249490
34	1776326	8252785	71959	3241218	2894027	1247657
35	1781640	8254993	71965	3237962	2892970	1240102
36	1777521	8256737	71924	3241493	2893337	1240730
37	1775036	8264366	71953	3243617	2893123	1237269
38	1768843	8274099	71974	3246664	2892576	1233004
39	1770565	8285658	71986	3232437	2892639	1228867
40	1770353	8294154	71975	3238646	2891962	1219925
41	1780908	8298113	71944	3236848	2891939	1211022
42	1779570	8300319	71933	3240180	2892373	1209218
43	1771952	8316646	71901	3237618	2891791	1205831
44	1776175	8323648	71933	3232474	2889950	1197979
45	1779736	8309217	71984	3243952	2890294	1200303
46	1787019	8316146	72051	3233826	2888861	1192562
47	1771194	8326697	72048	3245519	2889830	1193835
48	1777983	8322774	72143	3240362	2889510	1191516
49	1767364	8326987	72209	3257725	2889771	1185394
50	1774104	8325134	72213	3247876	2889497	1186425
51	1777783	8324552	72217	3246835	2888780	1182437
52	1772191	8339496	72271	3241229	2888087	1178364
53	1764214	8352398	72226	3242151	2887748	1177086
54	1769633	8343254	72201	3243818	2886953	1176126
55	1760018	8366392	72165	3244354	2886727	1169483
56	1763331	8366556	72157	3245352	2886356	1166366
57	1761149	8365334	72151	3244860	2886456	1167272
58	1758075	8379444	72220	3242058	2885578	1161765
59	1754416	8383603	72222	3242135	2884908	1160283
60	1757472	8374292	72282	3244184	2884852	1162112
61	1757582	8385881	72315	3242717	2884183	1156760
62	1754506	8379607	72316	3249944	2884226	1156942
63	1757359	8367106	72336	3254823	2883314	1158383
64	1751781	8382782	72335	3252378	2883010	1150379
65	1754841	8383361	72282	3247104	2881769	1149143
66	1755589	8391375	72292	3243786	2880894	1144663
67	1749388	8393586	72310	3248635	2882659	1146108
68	1749251	8397812	72382	3251049	2880849	1142226
69	1749707	8392303	72347	3253820	2880667	1143718
70	1742148	8399723	72332	3257144	2879980	1141878
71	1747032	8401624	72387	3253063	2879413	1138941
72	1744245	8403022	72351	3249985	2879069	1140668
73	1744251	8413211	72355	3245552	2879011	1131275
74	1730010	8420242	72283	3250755	2877889	1138693
75	1741202	8422462	72284	3245528	2877589	1130317
76	1743900	8416527	72211	3249429	2877241	1131466
77	1739550	8414886	72206	3255084	2877177	1127723
78	1736034	8423736	72262	3247789	2877409	1131922
79	1734977	8419969	72282	3251236	2877471	1130588
80	1736509	8414258	72256	3252493	2877368	1131388
81	1733353	8424062	72257	3250274	2877681	1129066
82	1730718	8419702	72205	3261297	2876198	1129581
83	1731621	8424062	72196	3257281	2875901	1126088
84	1728901	8414600	72145	3262690	2875808	1126892
85	1724187	8419168	72085	3262910	2874360	1126788
86	1725222	8428740	72085	3259138	2874505	1125575
87	1725986	8420229	72007	3264009	2875116	1123976
88	1720051	8422739	72017	3271659	2874199	1121472
89	1722508	8424127	72032	3268318	2873436	1121545
90	1718285	8433576	72046	3264141	2873544	1119715
91	1718554	8437342	72041	3265861	2873287	1116522
92	1720319	8427315	71969	3274391	2873078	1116318
93	1718591	8433993	71957	3268811	2872610	1113739
94	1713203	8436566	71998	3268493	2872508	1116420
95	1712244	8437901	71978	3274492	2872131	1111778
96	1710247	8431610	71994	3270249	2871221	1120288
97	1709512	8440660	71976	3270334	2870792	1115364
98	1707373	8440396	71981	3271876	2871020	1115874
99	1711472	8430331	71955	3275182	2871263	1116961
100	1705529	8442213	71852	3275382	2870754	1115177
101	1706526	8433762	71875	3276199	2870651	1116879
102	1707585	8438483	71881	3272623	2870462	1115767
103	1705471	8433178	71934	3279407	2869496	1112490
104	1704105	8430603	71910	3282839	2869376	1113121
105	1694149	8442341	71899	3281885	2869000	1115613
106	1702687	8439596	71877	3272051	2868321	1117035
107	1701252	8427319	71913	3285492	2867386	1115139
108	1701315	8429785	71847	3285276	2868458	1114942
109	1699656	8430895	71869	3283649	2867369	1114940
110	1690570	8441509	71884	3286668	2866786	1113781
111	1692252	8437365	71872	3286696	2866865	1113491
112	1698494	8429098	71818	3284754	2865533	1115355
113	1691665	8436030	71766	3291184	2865318	1110161
114	1693724	8420244	71711	3291527	2865977	1117800
115	1689403	8422867	71735	3300340	2865424	1112201
116	1689882	8427359	71800	3298633	2865227	1111062
117	1683484	8431032	71803	3301714	2865357	1111352
118	1682031	8436543	71759	3299416	2865044	1112534
119	1683077	8436031	71771	3296096	2864029	1111090
120	1688032	8420518	71651	3303562	2863679	1111982
121	1685828	8431213	71681	3298643	2863013	1108286
122	1683922	8424459	71744	3300239	2863645	1111965
123	1688466	8423165	71713	3302479	2862595	1108757
124	1681791	8435815	71770	3298463	2863357	1107463
125	1680268	8423354	71736	3306592	2861897	1110472
126	1679837	8437238	71641	3296567	2862744	1106793
127	1680240	8427275	71585	3302339	2863143	1109502
128	1675179	8434941	71604	3302433	2862947	1108952
129	1676541	8429526	71557	3304332	2862268	1109351
130	1677991	8424943	71463	3304373	2861592	1113253
131	1679471	8427024	71532	3303900	2861255	1108303
132	1670356	8428359	71371	3311188	2861741	1109457
133	1675667	8426198	71392	3314465	2861408	1102980
134	1675047	8426847	71405	3309196	2861156	1108073
135	1673056	8430224	71355	3308267	2861357	1107195
136	1672361	8424538	71375	3314097	2860872	1105582
137	1674373	8426722	71365	3305830	2861021	1106305
138	1674904	8429552	71388	3310264	2860671	1103714
139	1673572	8413734	71403	3317307	2860491	1108811
140	1668708	8422199	71347	3317109	2859279	1110093
141	1666846	8420886	71381	3318651	2859534	1109130
142	1667454	8417846	71378	3323811	2859614	1107320
143	1663319	8414498	71329	3321968	2859430	1113018
144	1666764	8414131	71349	3321930	2858763	1107902
145	1664508	8414405	71326	3322068	2858354	1109712
146	1659532	8419227	71313	3330093	2858865	1106759
147	1669972	8410152	71310	3318966	2858202	1108919
148	1662856	8412783	71287	3330378	2858184	1106082
149	1664875	8412955	71326	3326267	2856965	1108758
150	1666584	8412423	71304	3323822	2856895	1107685
151	1662624	8408059	71374	3335132	2857346	1106346
152	1665351	8403987	71337	3335641	2857176	1104678
153	1660941	8413749	71299	3329558	2856440	1104918
154	1658791	8409504	71219	3331979	2856863	1107556
155	1657399	8398525	71294	3329325	2856669	1113230
156	1659158	8411839	71317	3329323	2856331	1106394
157	1659128	8405151	71210	3337255	2856258	1105517
158	1658084	8411095	71219	3331250	2856029	1107469
159	1654521	8406176	71224	3336238	2855582	1109454
160	1655985	8401956	71171	3335672	2855456	1110512
161	1654943	8406538	71128	3333689	2854997	1109344
162	1657582	8402204	71119	3338217	2855591	1106377
163	1657047	8406897	71085	3335572	2854876	1107701
164	1653693	8401992	71126	3339814	2855257	1108319
165	1656708	8409241	71079	3333395	2853824	1104626
166	1653538	8408253	71071	3335896	2853980	1106365
167	1652689	8402284	71109	3333831	2854272	1110607
168	1650561	8391138	71067	3350091	2853440	1108605
169	1650523	8396102	70922	3342719	2853874	1111040
170	1651351	8397199	70903	3344170	2852580	1107911
171	1649085	8408680	70858	3339736	2852269	1106277
172	1647727	8398871	71027	3351355	2852751	1106609
173	1651916	8394150	71024	3344768	2852455	1108503
174	1646545	8404926	70928	3338653	2852671	1106181
175	1645007	8403386	70887	3344412	2852857	1107138
176	1647612	8407220	70940	3340206	2852726	1103911
177	1644290	8403514	70943	3346920	2852534	1106398
178	1649358	8394306	70922	3342349	2852459	1111882
179	1645310	8392176	70855	3349980	2852184	1109247
180	1646257	8395383	70788	3349980	2852210	1105548
181	1645468	8394251	70789	3348986	2851857	1108791
182	1646768	8397565	70667	3347753	2852232	1105840
183	1644823	8399981	70677	3345131	2851522	1107565
184	1643914	8394311	70604	3346858	2852332	1106666
185	1637884	8394286	70608	3352529	2851994	1110647
186	1649187	8387497	70597	3350215	2850674	1107954
187	1640977	8394507	70555	3352141	2851817	1107152
188	1644396	8385955	70599	3349967	2851052	1107755
189	1644823	8395391	70627	3346369	2851337	1105658
190	1639517	8390756	70638	3349830	2850874	1109565
191	1647641	8386975	70730	3352144	2852080	1105952
192	1639718	8391949	70771	3352293	2850303	1105561
193	1641932	8392353	70684	3350389	2850542	1106738
194	1641031	8381790	70756	3355744	2849201	1110492
195	1638912	8387307	70788	3355680	2850222	1109506
196	1636041	8391222	70713	3355211	2849815	1109983
197	1637106	8390604	70699	3361014	2849035	1105031
198	1635978	8381592	70732	3358817	2849626	1111576
199	1639503	8379389	70691	3353497	2848480	1113486
200	1640965	8380113	70694	3354892	2849071	1108580
201	1633577	8388409	70698	3354166	2848658	1110590
202	1635546	8383104	70662	3362140	2848318	1107794
203	1634861	8386179	70730	3356564	2848056	1107218
204	1640662	8371460	70646	3365141	2847588	1108333
205	1635187	8386389	70662	3356527	2847766	1109122
206	1634089	8381828	70686	3362909	2848308	1109513
207	1633190	8384140	70683	3362735	2847154	1106546
208	1632597	8380751	70622	3365778	2848625	1107338
209	1633711	8371844	70686	3365273	2847398	1111634
210	1631688	8383129	70676	3362758	2846947	1105376
211	1633703	8379150	70597	3364440	2847572	1108674
212	1632024	8380867	70527	3361582	2847419	1107999
213	1632853	8382717	70455	3362380	2847023	1104613
214	1635738	8369991	70412	3362511	2846498	1112851
215	1629988	8370068	70448	3370067	2846493	1111953
216	1631415	8372338	70484	3369821	2846338	1108507
217	1632359	8371087	70493	3367221	2845385	1111355
218	1627669	8381353	70514	3365456	2847039	1108645
219	1628383	8370333	70472	3367647	2847131	1113407
220	1629367	8373606	70452	3367793	2846465	1108018
221	1630281	8363403	70397	3369812	2846840	1113633
222	1629235	8381207	70406	3365471	2846721	1106047
223	1630941	8376001	70352	3367806	2845972	1107240
224	1623909	8377115	70342	3369629	2846782	1108661
225	1630417	8372176	70448	3368720	2845662	1107778
226	1622631	8381952	70465	3368757	2846283	1105608
227	1631047	8372105	70408	3362533	2846586	1111701
228	1628629	8369642	70418	3361809	2846123	1112893
229	1627393	8370008	70473	3372131	2844965	1109576
230	1626947	8374126	70412	3370595	2844702	1105442
231	1629286	8365772	70397	3369715	2845058	1108902
232	1629137	8365236	70458	3368272	2844603	1108637
233	1624801	8369816	70487	3368945	2845434	1112176
234	1625969	8367055	70470	3373643	2844222	1107161
235	1624701	8364619	70421	3375216	2844258	1110064
236	1626084	8366166	70401	3372183	2843806	1110508
237	1624794	8365267	70382	3373858	2844502	1109693
238	1624987	8365844	70321	3371036	2844259	1111078
239	1624691	8368425	70223	3370358	2843305	1108716
240	1620867	8363333	70127	3373417	2844055	1113644
241	1618973	8369603	70196	3374501	2844635	1107085
242	1622914	8365727	70275	3374483	2844877	1110030
243	1624182	8365370	70269	3373595	2844496	1107960
244	1626592	8363735	70310	3370100	2844635	1111133
245	1623791	8364616	70306	3369711	2844234	1109687
246	1627654	8360511	70228	3370585	2843417	1110560
247	1621612	8364875	70234	3374603	2844398	1109028
248	1621447	8361040	70270	3374533	2843370	1110776
249	1623684	8363851	70315	3373560	2843130	1110181
250	1622472	8364996	70227	3376262	2843253	1104786
251	1619033	8366338	70228	3376456	2843598	1108500
252	1620409	8363940	70233	3380434	2843827	1109085
253	1616399	8365435	70293	3374571	2843187	1111681
254	1614540	8368986	70206	3376256	2843289	1108729
255	1618552	8360559	70180	3376956	2843679	1110783
256	1617417	8355472	70144	3386293	2843150	1109108
257	1617094	8358785	70063	3380661	2842568	1110054
258	1619131	8351601	70080	3381965	2843481	1112279
259	1615374	8355252	70079	3385448	2843761	1111005
260	1620521	8356561	70078	3374504	2842391	1112296
261	1618156	8351472	70097	3384771	2842474	1108757
262	1615877	8349805	70077	3383907	2841923	1114729
263	1618205	8345002	70077	3385457	2842823	1114310
264	1618930	8355309	70085	3381467	2842167	1109038
265	1622334	8344343	70093	3385064	2842239	1111642
266	1620308	8353259	70102	3381349	2842519	1108005
267	1618249	8351190	70035	3385127	2840907	1109549
268	1616883	8341549	69963	3385107	2842796	1115008
269	1617110	8353496	69907	3376880	2841199	1113154
270	1618157	8357477	69846	3378324	2841329	1110785
271	1618417	8351219	69870	3382848	2841873	1110564
272	1619212	8352447	69863	3381613	2841088	1107119
273	1616168	8353755	69818	3383169	2841280	1111421
274	1620037	8348590	69900	3376684	2841182	1113678
275	1619348	8358006	69835	3378774	2841384	1106034
276	1618789	8355322	69777	3381167	2840742	1105311
277	1624663	8347905	69768	3375093	2841119	1110629
278	1619740	8351156	69780	3379733	2840828	1109595
279	1615422	8356460	69834	3380734	2840837	1107124
280	1623833	8344544	69800	3383150	2842032	1109080
281	1618073	8338787	69776	3389661	2841118	1109718
282	1618915	8341360	69828	3381273	2841644	1113970
283	1617526	8340595	69761	3387688	2841335	1110222
284	1619259	8341574	69754	3382273	2841751	1111535
285	1616634	8343748	69784	3386504	2839614	1112553
286	1618980	8351382	69690	3370279	2840241	1112279
287	1614598	8344123	69764	3387099	2840030	1109086
288	1618711	8344110	69797	3380523	2840351	1113093
289	1613537	8341913	69728	3385976	2840661	1111142
290	1614379	8343840	69727	3387104	2840975	1111530
291	1613278	8347506	69716	3385639	2840104	1110997
292	1617369	8346311	69581	3378712	2840262	1109158
293	1615316	8345840	69655	3386016	2839970	1110994
294	1616868	8340332	69655	3386482	2840631	1112137
295	1617664	8339826	69650	3384696	2840425	1111400
296	1613894	8340676	69616	3390870	2839961	1110933
297	1609539	8340782	69609	3392390	2841286	1112558
298	1618919	8341648	69673	3386561	2840479	1107632
299	1613267	8340729	69681	3388239	2839325	1110005
300	1615093	8345491	69521	3381363	2839085	1110930
301	1617232	8347037	69556	3381831	2839510	1108373
302	1615166	8337907	69527	3388408	2839585	1111441
303	1612438	8334908	69523	3390577	2838660	1110614
304	1616286	8333054	69577	3393261	2838997	1108524
305	1612238	8338421	69536	3393269	2839738	1109579
306	1613221	8343807	69570	3385855	2839443	1110698
307	1607420	8346700	69515	3386979	2839126	1111215
308	1613570	8335327	69605	3391110	2838827	1108285
309	1609393	8336702	69674	3394844	2839585	1110487
310	1610703	8344554	69601	3383679	2840161	1111674
311	1610948	8339412	69599	3385092	2840276	1112568
312	1612828	8332657	69674	3392511	2839443	1110439
313	1612155	8333183	69602	3391961	2839679	1110104
314	1608311	8339201	69584	3389401	2839393	1109651
315	1614635	8339568	69600	3385852	2838862	1108676
316	1608396	8339818	69580	3389416	2839360	1110581
317	1611322	8337596	69607	3388607	2839518	1113228
318	1611366	8335688	69654	3387500	2838553	1111267
319	1614205	8336651	69661	3390310	2839124	1109776
320	1615123	8330285	69676	3390857	2838963	1111501
321	1612192	8337559	69696	3390226	2839421	1109169
322	1609381	8344108	69655	3385505	2839422	1109058
323	1608100	8342714	69611	3384787	2838562	1110130
324	1610020	8333247	69683	3395774	2839476	1110332
325	1611582	8330325	69679	3396894	2839036	1109371
326	1609206	8333359	69678	3395833	2838520	1109767
327	1609842	8337981	69663	3387125	2838014	1109563
328	1608995	8337095	69603	3391728	2838774	1109431
329	1611146	8344221	69624	3385361	2837679	1109266
330	1611562	8340967	69612	3386236	2837954	1108019
331	1606471	8337640	69628	3395131	2838299	1109291
332	1613836	8325594	69612	3386484	2836834	1113068
333	1610405	8333253	69636	3391650	2837396	1110236
334	1610317	8336774	69643	3390333	2837983	1109170
335	1608238	8332784	69614	3394217	2837717	1110283
336	1610159	8338342	69642	3389569	2838125	1108014
337	1605785	8340592	69518	3388377	2837451	1112937
338	1608870	8333582	69488	3387418	2837828	1112552
339	1610908	8325783	69460	3395149	2838234	1109969
340	1608586	8326568	69500	3398852	2837679	1111272
341	1604119	8340384	69524	3389935	2837070	1109118
342	1607164	8333492	69505	3389038	2837565	1111120
343	1611094	8331194	69521	3387725	2838128	1112182
344	1610463	8328742	69378	3390720	2836639	1109904
345	1605951	8338267	69364	3387487	2836592	1109392
346	1612357	8332775	69415	3384944	2838143	1108950
347	1607267	8337416	69518	3387109	2837576	1108040
348	1606476	8338823	69448	3392153	2837515	1106893
349	1609937	8332882	69526	3394429	2836682	1106160
350	1607724	8340287	69444	3387875	2836985	1106328
351	1609498	8331132	69416	3390643	2837313	1109998
352	1610132	8335328	69362	3381109	2837349	1112016
353	1608651	8329901	69337	3385496	2837460	1111918
354	1609505	8330622	69356	3389675	2837288	1106615
355	1601760	8337622	69313	3389483	2837045	1113121
356	1605349	8334022	69311	3392161	2837540	1109508
357	1604147	8332714	69367	3391013	2837242	1110528
358	1604648	8338299	69285	3387872	2837661	1110599
359	1606050	8331764	69339	3384065	2836928	1113776
360	1605731	8329759	69338	3393663	2837051	1109715
361	1607699	8332973	69338	3390905	2837106	1109949
362	1602887	8336059	69276	3386720	2836349	1112421
363	1607766	8329418	69347	3390123	2836408	1113027
364	1606049	8326238	69414	3395721	2836106	1111358
365	1604546	8329094	69341	3393479	2835716	1112802
366	1607122	8328916	69291	3392619	2836176	1110423
367	1606486	8336737	69260	3389849	2836091	1106795
368	1610790	8328356	69201	3392915	2835323	1108433
369	1608191	8328081	69311	3389770	2836524	1113506
370	1605429	8329965	69251	3392137	2835747	1107740
371	1604654	8327285	69280	3390049	2835584	1113110
372	1609793	8330994	69309	3385168	2836717	1106787
373	1607093	8331568	69231	3391460	2837040	1108339
374	1604760	8330807	69369	3391747	2836765	1110105
375	1609435	8326200	69358	3386702	2836098	1110655
376	1607393	8331567	69437	3386471	2836426	1106806
377	1605676	8329300	69344	3388511	2835798	1110030
378	1604475	8329377	69389	3390186	2836321	1109898
379	1604455	8322119	69350	3389258	2835614	1115294
380	1607256	8329674	69392	3389190	2835948	1108933
381	1602329	8329308	69295	3388593	2836493	1112900
382	1603549	8326603	69298	3392598	2834817	1111113
383	1610109	8328559	69253	3384916	2835942	1107679
384	1604806	8325054	69217	3391534	2835483	1111418
385	1601953	8330256	69203	3388855	2835318	1112280
386	1610575	8332122	69207	3382294	2835692	1109769
387	1605725	8327557	69162	3390588	2835251	1111037
388	1606423	8321614	69154	3392569	2835628	1112836
389	1603533	8320434	69119	3395480	2836195	1113666
390	1605065	8327614	69151	3394648	2835141	1106517
391	1608663	8322652	69116	3391114	2834898	1109200
392	1602770	8320964	69057	3396671	2835041	1112657
393	1600979	8328704	69105	3390923	2834238	1111527
394	1604479	8326541	69169	3394667	2835045	1107433
395	1600412	8326962	69066	3396248	2834688	1109978
396	1604290	8328953	69066	3391626	2835607	1108145
397	1608907	8319694	69093	3395203	2836362	1110018
398	1600435	8330108	69171	3390312	2835285	1112858
399	1604621	8324218	69231	3391964	2835610	1108471
400	1605041	8321019	69120	3392555	2834817	1112613
401	1559833	8428573	68803	3437044	2824855	1009213
402	1559595	8427606	68780	3437270	2824837	1009230
403	1559571	8426867	68795	3437336	2824786	1009245
404	1559377	8426187	68769	3437293	2824691	1009252
405	1559276	8426035	68775	3436972	2824682	1009225
406	1559242	8425574	68763	3436970	2824606	1009219
407	1559100	8425340	68731	3436899	2824575	1009230
408	1559010	8424987	68692	3436955	2824545	1009222
409	1558861	8424500	68673	3436963	2824526	1009257
410	1558815	8424220	68660	3436708	2824520	1009253
411	1558811	8423935	68655	3436386	2824468	1009255
412	1558699	8423836	68636	3436018	2824495	1009245
413	1558638	8423595	68617	3436099	2824485	1009215
414	1558495	8422874	68638	3436402	2824434	1009243
415	1558418	8422322	68603	3436559	2824480	1009244
416	1558279	8421736	68613	3436863	2824475	1009263
417	1558240	8421497	68599	3436767	2824536	1009280
418	1558121	8421429	68584	3436583	2824507	1009274
419	1558093	8420907	68570	3436666	2824483	1009243
420	1557855	8420715	68550	3436728	2824477	1009273
421	1557610	8420675	68547	3436590	2824488	1009273
422	1557652	8420588	68532	3436403	2824471	1009250
423	1557580	8420525	68535	3436166	2824456	1009262
424	1557725	8420463	68536	3435765	2824447	1009230
425	1557601	8420390	68537	3435528	2824443	1009212
426	1557624	8419841	68536	3435780	2824425	1009232
427	1557767	8419734	68530	3435465	2824426	1009189
428	1557689	8419452	68502	3435384	2824492	1009197
429	1557679	8419106	68465	3435318	2824461	1009215
430	1557658	8418575	68465	3435400	2824473	1009209
431	1557485	8418329	68458	3435444	2824479	1009208
432	1557426	8418376	68443	3435082	2824440	1009211
433	1557539	8418011	68453	3434886	2824443	1009162
434	1557288	8417863	68423	3434899	2824386	1009179
435	1557099	8417836	68427	3434897	2824393	1009189
436	1557110	8417695	68390	3434682	2824361	1009142
437	1557029	8417486	68407	3434563	2824334	1009154
438	1556903	8417265	68388	3434520	2824211	1009168
439	1556664	8416778	68382	3434977	2824211	1009200
440	1556712	8416318	68386	3435028	2824208	1009205
441	1556620	8416153	68365	3435264	2824164	1009208
442	1556628	8416397	68352	3434819	2824143	1009183
443	1556650	8416057	68347	3434837	2824223	1009172
444	1556557	8416144	68344	3434685	2824217	1009180
445	1556635	8415778	68341	3434643	2824271	1009157
446	1556632	8415678	68340	3434555	2824310	1009149
447	1556609	8415715	68350	3434343	2824317	1009112
448	1556585	8415864	68337	3434085	2824355	1009098
449	1556437	8415629	68309	3433983	2824269	1009108
450	1556602	8415502	68306	3433829	2824220	1009075
451	1556571	8415012	68302	3433788	2824272	1009040
452	1556433	8414793	68282	3433836	2824272	1009033
453	1556430	8414726	68273	3433567	2824324	1009029
454	1556509	8414271	68279	3433709	2824365	1009035
455	1556485	8414054	68264	3433811	2824420	1009043
456	1556440	8413824	68263	3433756	2824404	1009058
457	1556277	8413718	68256	3433768	2824419	1009080
458	1556377	8413420	68252	3433681	2824441	1009065
459	1556394	8413347	68234	3433499	2824480	1009050
460	1556327	8413218	68224	3433345	2824502	1009042
461	1556453	8412808	68234	3433401	2824530	1009016
462	1556158	8412955	68249	3433280	2824560	1009046
463	1555969	8413178	68244	3433146	2824556	1009076
464	1555640	8413294	68238	3433231	2824602	1009116
465	1555566	8413177	68212	3433383	2824653	1009129
466	1555529	8413092	68199	3433169	2824674	1009103
467	1555435	8412595	68200	3433509	2824724	1009104
468	1555456	8412353	68181	3433494	2824622	1009102
469	1555628	8411651	68176	3433706	2824703	1009103
470	1555578	8411244	68170	3433921	2824767	1009110
471	1555549	8411044	68162	3433905	2824843	1009118
472	1555596	8410913	68139	3433792	2824830	1009117
473	1555609	8410811	68132	3433637	2824918	1009115
474	1555653	8410679	68132	3433746	2824927	1009115
475	1555672	8410379	68126	3433628	2824915	1009110
476	1555673	8409960	68118	3433819	2824906	1009123
477	1555727	8409891	68109	3433797	2824941	1009106
478	1555790	8409703	68098	3433739	2824968	1009107
479	1555690	8410232	68096	3433423	2825040	1009088
480	1555752	8410010	68102	3433459	2825003	1009068
481	1555732	8409761	68083	3433623	2825026	1009081
482	1555781	8409588	68072	3433663	2825029	1009068
483	1555610	8409544	68085	3433837	2825092	1009093
484	1555583	8409315	68085	3433930	2825021	1009102
485	1555559	8409630	68093	3433598	2825055	1009094
486	1555484	8409507	68095	3433588	2825109	1009119
487	1555547	8409285	68099	3433518	2825230	1009088
488	1555533	8409271	68088	3433447	2825272	1009072
489	1555585	8408856	68084	3433483	2825244	1009063
490	1555422	8408792	68061	3433608	2825234	1009093
491	1555241	8409086	68049	3433500	2825248	1009121
492	1555331	8408786	68037	3433536	2825210	1009132
493	1555209	8408824	68034	3433563	2825264	1009172
494	1555181	8408686	68039	3433771	2825281	1009178
495	1555148	8408779	68032	3433712	2825353	1009184
496	1555133	8408856	68019	3433542	2825328	1009190
497	1555108	8409243	68015	3433109	2825355	1009160
498	1555120	8408843	68017	3433227	2825439	1009187
499	1555067	8408900	68003	3433054	2825460	1009187
500	1555015	8408764	68024	3432998	2825484	1009204
